{"app":"com.DefaultCompany.HummingHavoc-ARDK3-Test2","autofocus":1,"captureGroup":{"sequence":0,"uuid":"018aad25-5d37-7005-8091-08a10000ffff"},"coordinates":"opengl","depthSource":"none","duration":59.215,"formatVersion":"1","frameCount":696,"framerate":11.736890990458498,"frames":[{"exposure":0.0,"image":"frame_00000000.jpg","intrinsics":[548.0982055664063,548.0982055664063,349.0110168457031,268.5161437988281,0.0],"location":{"altitude":111.31009674072266,"altitudeAccuracy":2.9561197757720947,"heading":47.56451416015625,"headingAccuracy":5.00858211517334,"headingTimestamp":1695122021000.0,"latitude":51.44733810424805,"longitude":7.035355091094971,"positionAccuracy":5.00858211517334,"positionSource":"corelocation","positionTimestamp":1695122021000.0},"pose":[48.13352584838867,0.7580249309539795,14.27944564819336,0.4843045473098755,-0.4888020157814026,-0.5162022113800049,0.5099563598632813],"pose4x4":[-0.010784268379211426,-0.9999393224716187,-0.0014627575874328613,0.0,0.05302312970161438,-0.0020312070846557617,0.9985897541046143,0.0,-0.9985335469245911,0.010692983865737915,0.053043365478515625,0.0,48.13352584838867,0.7580249309539795,14.27944564819336,1.0],"resolution":[720,540],"sequence":0,"timestamp":1695122021.0,"tracking":2,"trackingReason":0},{"exposure":0.0,"image":"frame_00000001.jpg","intrinsics":[547.8785400390625,547.8785400390625,349.01708984375,268.42340087890625,0.0],"location":{"altitude":111.31009674072266,"altitudeAccuracy":2.9561197757720947,"heading":47.56451416015625,"headingAccuracy":5.00858211517334,"headingTimestamp":1695122021000.0,"latitude":51.44733810424805,"longitude":7.035355091094971,"positionAccuracy":5.00858211517334,"positionSource":"corelocation","positionTimestamp":1695122021000.0},"pose":[48.13149642944336,0.7594465017318726,14.280455589294434,0.48438772559165955,-0.4892334043979645,-0.5164083242416382,0.5092578530311584],"pose4x4":[-0.012053728103637695,-0.999927282333374,-0.0019918084144592285,0.0,0.05201268196105957,-0.002618074417114258,0.9986449480056763,0.0,-0.9985756278038025,0.011931926012039185,0.05203843116760254,0.0,48.13149642944336,0.7594465017318726,14.280455589294434,1.0],"resolution":[720,540],"sequence":1,"timestamp":1695122021.1,"tracking":2,"trackingReason":0},{"exposure":0.0,"image":"frame_00000002.jpg","intrinsics":[548.5375366210938,548.5375366210938,348.9600524902344,268.51605224609375,0.0],"location":{"altitude":111.31009674072266,"altitudeAccuracy":2.9561197757720947,"heading":47.56451416015625,"headingAccuracy":5.00858211517334,"headingTimestamp":1695122021000.0,"latitude":51.44733810424805,"longitude":7.035355091094971,"positionAccuracy":5.00858211517334,"positionSource":"corelocation","positionTimestamp":1695122021000.0},"pose":[48.13114929199219,0.7603771090507507,14.280937194824219,0.4837067723274231,-0.49265122413635254,-0.5165193676948547,0.5064916610717773],"pose4x4":[-0.018995046615600586,-0.9998229742050171,-0.0006403326988220215,0.0,0.04662802815437317,-0.0015289783477783203,0.9989147186279297,0.0,-0.9987353086471558,0.01894092559814453,0.04664504528045654,0.0,48.13114929199219,0.7603771090507507,14.280937194824219,1.0],"resolution":[720,540],"sequence":2,"timestamp":1695122021.2,"tracking":2,"trackingReason":0},{"exposure":0.0,"image":"frame_00000003.jpg","intrinsics":[548.31787109375,548.31787109375,349.0341796875,268.3487243652344,0.0],"location":{"altitude":111.31009674072266,"altitudeAccuracy":2.9561197757720947,"heading":47.56451416015625,"headingAccuracy":5.00858211517334,"headingTimestamp":1695122021000.0,"latitude":51.44733810424805,"longitude":7.035355091094971,"positionAccuracy":5.00858211517334,"positionSource":"corelocation","positionTimestamp":1695122021000.0},"pose":[48.13453674316406,0.7622595429420471,14.281249046325684,0.4832533299922943,-0.49637043476104736,-0.5162060856819153,0.5036025047302246],"pose4x4":[-0.025704622268676758,-0.999670684337616,0.0010301768779754639,0.0,0.0401800274848938,-5.0067901611328125e-06,0.9991940259933472,0.0,-0.9988634586334229,0.025723695755004883,0.04016518592834473,0.0,48.13453674316406,0.7622595429420471,14.281249046325684,1.0],"resolution":[720,540],"sequence":3,"timestamp":1695122021.3,"tracking":2,"trackingReason":0},{"exposure":0.0,"image":"frame_00000004.jpg","intrinsics":[548.31787109375,548.31787109375,349.0165100097656,268.37371826171875,0.0],"location":{"altitude":111.31009674072266,"altitudeAccuracy":2.9561197757720947,"heading":47.56451416015625,"headingAccuracy":5.00858211517334,"headingTimestamp":1695122021000.0,"latitude":51.44733810424805,"longitude":7.035355091094971,"positionAccuracy":5.00858211517334,"positionSource":"corelocation","positionTimestamp":1695122021000.0},"pose":[48.13763427734375,0.765152096748352,14.282137870788574,0.4827937185764313,-0.49773892760276794,-0.516353189945221,0.5025391578674316],"pose4x4":[-0.02872931957244873,-0.9995858669281006,0.0016824603080749512,0.0,0.038364917039871216,0.0005792379379272461,0.9992636442184448,0.0,-0.9988507628440857,0.028772681951522827,0.038332343101501465,0.0,48.13763427734375,0.765152096748352,14.282137870788574,1.0],"resolution":[720,540],"sequence":4,"timestamp":1695122021.4,"tracking":2,"trackingReason":0},{"exposure":0.0,"image":"frame_00000005.jpg","intrinsics":[548.31787109375,548.31787109375,348.99932861328125,268.4414978027344,0.0],"location":{"altitude":111.31009674072266,"altitudeAccuracy":2.9561197757720947,"heading":47.56451416015625,"headingAccuracy":5.00858211517334,"headingTimestamp":1695122021000.0,"latitude":51.44733810424805,"longitude":7.035355091094971,"positionAccuracy":5.00858211517334,"positionSource":"corelocation","positionTimestamp":1695122021000.0},"pose":[48.141143798828125,0.7676675915718079,14.28280258178711,0.48276829719543457,-0.49717530608177185,-0.516509473323822,0.5029610395431519],"pose4x4":[-0.027930617332458496,-0.9996092319488525,0.001410841941833496,0.0,0.039527326822280884,0.00030541419982910156,0.9992188215255737,0.0,-0.9988284111022949,0.027964234352111816,0.03950297832489014,0.0,48.141143798828125,0.7676675915718079,14.28280258178711,1.0],"resolution":[720,540],"sequence":5,"timestamp":1695122021.5,"tracking":2,"trackingReason":0},{"exposure":0.0,"image":"frame_00000006.jpg","intrinsics":[548.31787109375,548.31787109375,348.9877624511719,268.380859375,0.0],"location":{"altitude":111.31009674072266,"altitudeAccuracy":2.9561197757720947,"heading":47.56451416015625,"headingAccuracy":5.00858211517334,"headingTimestamp":1695122021000.0,"latitude":51.44733810424805,"longitude":7.035355091094971,"positionAccuracy":5.00858211517334,"positionSource":"corelocation","positionTimestamp":1695122021000.0},"pose":[48.1424446105957,0.7701502442359924,14.285143852233887,0.4829674959182739,-0.4961678981781006,-0.5170624256134033,0.5031946301460266],"pose4x4":[-0.02707231044769287,-0.9996320009231567,-0.0001106560230255127,0.0,0.041100144386291504,-0.001222372055053711,0.9991528391838074,0.0,-0.9987866878509521,0.027046263217926025,0.04111963510513306,0.0,48.1424446105957,0.7701502442359924,14.285143852233887,1.0],"resolution":[720,540],"sequence":6,"timestamp":1695122021.6,"tracking":2,"trackingReason":0},{"exposure":0.0,"image":"frame_00000007.jpg","intrinsics":[548.0982055664063,548.0982055664063,348.9861145019531,268.3623046875,0.0],"location":{"altitude":111.31009674072266,"altitudeAccuracy":2.9561197757720947,"heading":47.56451416015625,"headingAccuracy":5.00858211517334,"headingTimestamp":1695122021000.0,"latitude":51.44733810424805,"longitude":7.035355091094971,"positionAccuracy":5.00858211517334,"positionSource":"corelocation","positionTimestamp":1695122021000.0},"pose":[48.153846740722656,0.7657074928283691,14.252358436584473,0.4820236265659332,-0.49618232250213623,-0.5177985429763794,0.5033314228057861],"pose4x4":[-0.028624534606933594,-0.9995918273925781,0.00030604004859924316,0.0,0.04290536046028137,-0.000924229621887207,0.999080240726471,0.0,-0.9986705780029297,0.02860969305038452,0.04291266202926636,0.0,48.153846740722656,0.7657074928283691,14.252358436584473,1.0],"resolution":[720,540],"sequence":7,"timestamp":1695122021.7,"tracking":2,"trackingReason":0},{"exposure":0.0,"image":"frame_00000008.jpg","intrinsics":[548.0982055664063,548.0982055664063,349.00823974609375,268.40087890625,0.0],"location":{"altitude":111.31009674072266,"altitudeAccuracy":2.9561197757720947,"heading":47.56451416015625,"headingAccuracy":5.00858211517334,"headingTimestamp":1695122021000.0,"latitude":51.44733810424805,"longitude":7.035355091094971,"positionAccuracy":5.00858211517334,"positionSource":"corelocation","positionTimestamp":1695122021000.0},"pose":[48.15208435058594,0.7650523781776428,14.24759578704834,0.48249509930610657,-0.496247261762619,-0.5174691081047058,0.5031523704528809],"pose4x4":[-0.028071284294128418,-0.9996053576469421,2.3365020751953125e-05,0.0,0.041857898235321045,-0.0011515617370605469,0.9991223812103271,0.0,-0.9987285733222961,0.028048157691955566,0.04187428951263428,0.0,48.15208435058594,0.7650523781776428,14.24759578704834,1.0],"resolution":[720,540],"sequence":8,"timestamp":1695122021.8,"tracking":2,"trackingReason":0},{"exposure":0.0,"image":"frame_00000009.jpg","intrinsics":[548.31787109375,548.31787109375,349.01171875,268.34515380859375,0.0],"location":{"altitude":111.31009674072266,"altitudeAccuracy":2.9561197757720947,"heading":47.56451416015625,"headingAccuracy":5.00858211517334,"headingTimestamp":1695122021000.0,"latitude":51.44733810424805,"longitude":7.035355091094971,"positionAccuracy":5.00858211517334,"positionSource":"corelocation","positionTimestamp":1695122021000.0},"pose":[48.14891815185547,0.7665086984634399,14.245582580566406,0.4833602011203766,-0.4970938265323639,-0.5163444876670837,0.5026425719261169],"pose4x4":[-0.0274277925491333,-0.9996241331100464,0.0005603134632110596,0.0,0.038522690534591675,-0.0004974603652954102,0.9992581605911255,0.0,-0.9988818168640137,0.027428507804870605,0.03852128982543945,0.0,48.14891815185547,0.7665086984634399,14.245582580566406,1.0],"resolution":[720,540],"sequence":9,"timestamp":1695122021.9,"tracking":2,"trackingReason":0},{"exposure":0.0,"image":"frame_00000010.jpg","intrinsics":[548.0982055664063,548.0982055664063,348.9955749511719,268.43084716796875,0.0],"location":{"altitude":111.31009674072266,"altitudeAccuracy":2.9561197757720947,"heading":47.56451416015625,"headingAccuracy":5.00858211517334,"headingTimestamp":1695122021000.0,"latitude":51.44733810424805,"longitude":7.035355091094971,"positionAccuracy":5.00858211517334,"positionSource":"corelocation","positionTimestamp":1695122021000.0},"pose":[48.15473175048828,0.7691761255264282,14.243563652038574,0.48336806893348694,-0.4981120824813843,-0.5155804753303528,0.5024121999740601],"pose4x4":[-0.02787768840789795,-0.9996107816696167,0.002084881067276001,0.0,0.03652489185333252,0.0010641813278198242,0.9993337392807007,0.0,-0.9989454746246338,0.02793368697166443,0.03647935390472412,0.0,48.15473175048828,0.7691761255264282,14.243563652038574,1.0],"resolution":[720,540],"sequence":10,"timestamp":1695122022.0,"tracking":2,"trackingReason":0},{"exposure":0.0,"image":"frame_00000011.jpg","intrinsics":[548.31787109375,548.31787109375,348.9945068359375,268.34515380859375,0.0],"location":{"altitude":111.31009674072266,"altitudeAccuracy":2.9561197757720947,"heading":47.56451416015625,"headingAccuracy":5.00858211517334,"headingTimestamp":1695122021000.0,"latitude":51.44733810424805,"longitude":7.035355091094971,"positionAccuracy":5.00858211517334,"positionSource":"corelocation","positionTimestamp":1695122021000.0},"pose":[48.158721923828125,0.7714225649833679,14.241913795471191,0.4842030704021454,-0.4990079402923584,-0.5145215392112732,0.501802921295166],"pose4x4":[-0.02748274803161621,-0.9996191263198853,0.002541452646255493,0.0,0.03313443064689636,0.001629948616027832,0.9994497299194336,0.0,-0.9990731477737427,0.027551651000976563,0.03307688236236572,0.0,48.158721923828125,0.7714225649833679,14.241913795471191,1.0],"resolution":[720,540],"sequence":11,"timestamp":1695122022.083,"tracking":2,"trackingReason":0},{"exposure":0.0,"image":"frame_00000012.jpg","intrinsics":[548.31787109375,548.31787109375,349.01220703125,268.370849609375,0.0],"location":{"altitude":111.31009674072266,"altitudeAccuracy":2.9561197757720947,"heading":47.56451416015625,"headingAccuracy":5.00858211517334,"headingTimestamp":1695122021000.0,"latitude":51.44733810424805,"longitude":7.035355091094971,"positionAccuracy":5.00858211517334,"positionSource":"corelocation","positionTimestamp":1695122021000.0},"pose":[48.15958786010742,0.7718650698661804,14.242256164550781,0.48502179980278015,-0.5001861453056335,-0.5135496258735657,0.5008348226547241],"pose4x4":[-0.027838706970214844,-0.9996094703674316,0.002855747938156128,0.0,0.029204726219177246,0.0020412802696228027,0.9995724558830261,0.0,-0.9991867542266846,0.02790921926498413,0.02913534641265869,0.0,48.15958786010742,0.7718650698661804,14.242256164550781,1.0],"resolution":[720,540],"sequence":12,"timestamp":1695122022.167,"tracking":2,"trackingReason":0},{"exposure":0.0,"image":"frame_00000013.jpg","intrinsics":[548.0982055664063,548.0982055664063,349.00775146484375,268.3580322265625,0.0],"location":{"altitude":111.31009674072266,"altitudeAccuracy":2.9561197757720947,"heading":47.56451416015625,"headingAccuracy":5.00858211517334,"headingTimestamp":1695122021000.0,"latitude":51.44733810424805,"longitude":7.035355091094971,"positionAccuracy":5.00858211517334,"positionSource":"corelocation","positionTimestamp":1695122021000.0},"pose":[48.16272735595703,0.7733849883079529,14.240486145019531,-0.48580026626586914,0.50108802318573,0.5127542614936829,-0.49999192357063293],"pose4x4":[-0.02801227569580078,-0.9996033906936646,0.0028876066207885742,0.0,0.025888592004776,0.002162337303161621,0.9996625185012817,0.0,-0.9992722272872925,0.028077632188796997,0.02581775188446045,0.0,48.16272735595703,0.7733849883079529,14.240486145019531,1.0],"resolution":[720,540],"sequence":13,"timestamp":1695122022.25,"tracking":2,"trackingReason":0},{"exposure":0.0,"image":"frame_00000014.jpg","intrinsics":[548.0982055664063,548.0982055664063,349.00628662109375,268.41998291015625,0.0],"location":{"altitude":111.31009674072266,"altitudeAccuracy":2.9561197757720947,"heading":47.56451416015625,"headingAccuracy":5.00858211517334,"headingTimestamp":1695122021000.0,"latitude":51.44733810424805,"longitude":7.035355091094971,"positionAccuracy":5.00858211517334,"positionSource":"corelocation","positionTimestamp":1695122021000.0},"pose":[48.16525650024414,0.7745962142944336,14.238179206848145,-0.4865500032901764,0.5025112628936768,0.5117331743240356,-0.4988792836666107],"pose4x4":[-0.028776884078979492,-0.9995798468589783,0.003417372703552246,0.0,0.021592438220977783,0.0027965307235717773,0.9997628331184387,0.0,-0.9993524551391602,0.028843939304351807,0.021503031253814697,0.0,48.16525650024414,0.7745962142944336,14.238179206848145,1.0],"resolution":[720,540],"sequence":14,"timestamp":1695122022.333,"tracking":2,"trackingReason":0},{"exposure":0.0,"image":"frame_00000015.jpg","intrinsics":[548.31787109375,548.31787109375,348.9779357910156,268.4051513671875,0.0],"location":{"altitude":111.31009674072266,"altitudeAccuracy":2.9561197757720947,"heading":47.56451416015625,"headingAccuracy":5.00858211517334,"headingTimestamp":1695122021000.0,"latitude":51.44733810424805,"longitude":7.035355091094971,"positionAccuracy":5.00858211517334,"positionSource":"corelocation","positionTimestamp":1695122021000.0},"pose":[48.167152404785156,0.7759588360786438,14.23579216003418,-0.48764553666114807,0.5038360953330994,0.5108736753463745,-0.4973522424697876],"pose4x4":[-0.029685497283935547,-0.999555230140686,0.002917468547821045,0.0,0.016781479120254517,0.0024198293685913086,0.9998564124107361,0.0,-0.9994185566902161,0.029730021953582764,0.01670205593109131,0.0,48.167152404785156,0.7759588360786438,14.23579216003418,1.0],"resolution":[720,540],"sequence":15,"timestamp":1695122022.433,"tracking":2,"trackingReason":0},{"exposure":0.0,"image":"frame_00000016.jpg","intrinsics":[548.31787109375,548.31787109375,348.96429443359375,268.37506103515625,0.0],"location":{"altitude":111.31009674072266,"altitudeAccuracy":2.9561197757720947,"heading":47.56451416015625,"headingAccuracy":5.00858211517334,"headingTimestamp":1695122021000.0,"latitude":51.44733810424805,"longitude":7.035355091094971,"positionAccuracy":5.00858211517334,"positionSource":"corelocation","positionTimestamp":1695122021000.0},"pose":[48.168968200683594,0.776462733745575,14.233613967895508,-0.48876091837882996,0.5054888129234314,0.5094465613365173,-0.4960425794124603],"pose4x4":[-0.030109405517578125,-0.9995406866073608,0.0034928321838378906,0.0,0.01128801703453064,0.0031539201736450195,0.9999315738677979,0.0,-0.9994831085205078,0.030146628618240356,0.01118767261505127,0.0,48.168968200683594,0.776462733745575,14.233613967895508,1.0],"resolution":[720,540],"sequence":16,"timestamp":1695122022.533,"tracking":2,"trackingReason":0},{"exposure":0.0,"image":"frame_00000017.jpg","intrinsics":[548.31787109375,548.31787109375,349.029541015625,268.37945556640625,0.0],"location":{"altitude":111.31009674072266,"altitudeAccuracy":2.9561197757720947,"heading":47.56451416015625,"headingAccuracy":5.00858211517334,"headingTimestamp":1695122021000.0,"latitude":51.44733810424805,"longitude":7.035355091094971,"positionAccuracy":5.00858211517334,"positionSource":"corelocation","positionTimestamp":1695122021000.0},"pose":[48.170440673828125,0.7772724628448486,14.232288360595703,-0.4902133345603943,0.5073594450950623,0.5080454349517822,-0.49413245916366577],"pose4x4":[-0.031047582626342773,-0.9995121955871582,0.0033042430877685547,0.0,0.004654735326766968,0.0031614303588867188,0.9999839663505554,0.0,-0.9995068311691284,0.031062662601470947,0.004554569721221924,0.0,48.170440673828125,0.7772724628448486,14.232288360595703,1.0],"resolution":[720,540],"sequence":17,"timestamp":1695122022.633,"tracking":2,"trackingReason":0},{"exposure":0.0,"image":"frame_00000018.jpg","intrinsics":[548.0982055664063,548.0982055664063,348.99127197265625,268.4349365234375,0.0],"location":{"altitude":111.31009674072266,"altitudeAccuracy":2.9561197757720947,"heading":47.56451416015625,"headingAccuracy":5.00858211517334,"headingTimestamp":1695122021000.0,"latitude":51.44733810424805,"longitude":7.035355091094971,"positionAccuracy":5.00858211517334,"positionSource":"corelocation","positionTimestamp":1695122021000.0},"pose":[48.17201614379883,0.7774738669395447,14.231271743774414,-0.4916979968547821,0.509166955947876,0.5067453980445862,-0.49212944507598877],"pose4x4":[-0.032083749771118164,-0.9994814395904541,0.0028207004070281982,0.0,-0.0019440948963165283,0.002884387969970703,0.999994158744812,0.0,-0.9994834661483765,0.032077908515930176,-0.002035856246948242,0.0,48.17201614379883,0.7774738669395447,14.231271743774414,1.0],"resolution":[720,540],"sequence":18,"timestamp":1695122022.733,"tracking":2,"trackingReason":0},{"exposure":0.0,"image":"frame_00000019.jpg","intrinsics":[548.0982055664063,548.0982055664063,348.9862060546875,268.370849609375,0.0],"location":{"altitude":111.31009674072266,"altitudeAccuracy":2.9561197757720947,"heading":47.56451416015625,"headingAccuracy":5.00858211517334,"headingTimestamp":1695122021000.0,"latitude":51.44733810424805,"longitude":7.035355091094971,"positionAccuracy":5.00858211517334,"positionSource":"corelocation","positionTimestamp":1695122021000.0},"pose":[48.17402648925781,0.7776409983634949,14.230635643005371,-0.4932436943054199,0.5109319090843201,0.5057113170623779,-0.4898117780685425],"pose4x4":[-0.03359079360961914,-0.9994345903396606,0.0016431212425231934,0.0,-0.008621186017990112,0.001933455467224121,0.999961256980896,0.0,-0.9993987679481506,0.033574968576431274,-0.008681535720825195,0.0,48.17402648925781,0.7776409983634949,14.230635643005371,1.0],"resolution":[720,540],"sequence":19,"timestamp":1695122022.833,"tracking":2,"trackingReason":0},{"exposure":0.0,"image":"frame_00000020.jpg","intrinsics":[547.8785400390625,547.8785400390625,348.96478271484375,268.39227294921875,0.0],"location":{"altitude":111.31009674072266,"altitudeAccuracy":2.9561197757720947,"heading":47.56451416015625,"headingAccuracy":5.00858211517334,"headingTimestamp":1695122021000.0,"latitude":51.44733810424805,"longitude":7.035355091094971,"positionAccuracy":5.00858211517334,"positionSource":"corelocation","positionTimestamp":1695122021000.0},"pose":[48.17567443847656,0.7784308195114136,14.230831146240234,-0.49512600898742676,0.5126703977584839,0.504636824131012,-0.48719650506973267],"pose4x4":[-0.034978508949279785,-0.9993875026702881,-0.00017517805099487305,0.0,-0.015958309173583984,0.0003838539123535156,0.9998720288276672,0.0,-0.9992600679397583,0.03497737646102905,-0.015961408615112305,0.0,48.17567443847656,0.7784308195114136,14.230831146240234,1.0],"resolution":[720,540],"sequence":20,"timestamp":1695122022.933,"tracking":2,"trackingReason":0},{"exposure":0.0,"image":"frame_00000021.jpg","intrinsics":[547.8785400390625,547.8785400390625,348.999267578125,268.37518310546875,0.0],"location":{"altitude":111.31009674072266,"altitudeAccuracy":2.9561197757720947,"heading":47.56451416015625,"headingAccuracy":5.00858211517334,"headingTimestamp":1695122021000.0,"latitude":51.44733810424805,"longitude":7.035355091094971,"positionAccuracy":5.00858211517334,"positionSource":"corelocation","positionTimestamp":1695122021000.0},"pose":[48.17691421508789,0.7794854044914246,14.230878829956055,-0.4970944821834564,0.5148814916610718,0.5029646158218384,-0.48458319902420044],"pose4x4":[-0.03615272045135498,-0.9993458986282349,-0.0010359883308410645,0.0,-0.024433106184005737,-0.00015270709991455078,0.9997016191482544,0.0,-0.9990476965904236,0.03616705536842346,-0.024411797523498535,0.0,48.17691421508789,0.7794854044914246,14.230878829956055,1.0],"resolution":[720,540],"sequence":21,"timestamp":1695122023.033,"tracking":2,"trackingReason":0},{"exposure":0.0,"image":"frame_00000022.jpg","intrinsics":[548.31787109375,548.31787109375,349.0031433105469,268.34515380859375,0.0],"location":{"altitude":111.31009674072266,"altitudeAccuracy":2.9561197757720947,"heading":47.56451416015625,"headingAccuracy":5.00858211517334,"headingTimestamp":1695122021000.0,"latitude":51.44733810424805,"longitude":7.035355091094971,"positionAccuracy":5.00858211517334,"positionSource":"corelocation","positionTimestamp":1695122021000.0},"pose":[48.17699432373047,0.7799381613731384,14.231280326843262,-0.49962446093559265,0.5163984894752502,0.5008639693260193,-0.4825381636619568],"pose4x4":[-0.0350642204284668,-0.9993826150894165,-0.0021238327026367188,0.0,-0.03263866901397705,-0.0009785890579223633,0.9994665384292603,0.0,-0.9988517761230469,0.03511503338813782,-0.03258395195007324,0.0,48.17699432373047,0.7799381613731384,14.231280326843262,1.0],"resolution":[720,540],"sequence":22,"timestamp":1695122023.116,"tracking":2,"trackingReason":0},{"exposure":0.0,"image":"frame_00000023.jpg","intrinsics":[548.31787109375,548.31787109375,348.9773864746094,268.4201354980469,0.0],"location":{"altitude":111.31009674072266,"altitudeAccuracy":2.9561197757720947,"heading":47.56451416015625,"headingAccuracy":5.00858211517334,"headingTimestamp":1695122021000.0,"latitude":51.44733810424805,"longitude":7.035355091094971,"positionAccuracy":5.00858211517334,"positionSource":"corelocation","positionTimestamp":1695122021000.0},"pose":[48.178245544433594,0.7798009514808655,14.232050895690918,-0.5018381476402283,0.5184842348098755,0.49915382266044617,-0.4797687530517578],"pose4x4":[-0.03596091270446777,-0.9993471503257751,-0.0034837722778320313,0.0,-0.041433513164520264,-0.0019921064376831055,0.9991393089294434,0.0,-0.9984939098358154,0.036074280738830566,-0.04133486747741699,0.0,48.178245544433594,0.7798009514808655,14.232050895690918,1.0],"resolution":[720,540],"sequence":23,"timestamp":1695122023.2,"tracking":2,"trackingReason":0},{"exposure":0.0,"image":"frame_00000024.jpg","intrinsics":[548.0982055664063,548.0982055664063,348.9861145019531,268.3623046875,0.0],"location":{"altitude":111.31009674072266,"altitudeAccuracy":2.9561197757720947,"heading":47.56451416015625,"headingAccuracy":5.00858211517334,"headingTimestamp":1695122021000.0,"latitude":51.44733810424805,"longitude":7.035355091094971,"positionAccuracy":5.00858211517334,"positionSource":"corelocation","positionTimestamp":1695122021000.0},"pose":[48.1788330078125,0.779509961605072,14.232694625854492,-0.5038601160049438,0.5208379030227661,0.49706512689590454,-0.47726163268089294],"pose4x4":[-0.03669166564941406,-0.9993190765380859,-0.003750711679458618,0.0,-0.050398677587509155,-0.001897573471069336,0.9987269639968872,0.0,-0.9980545043945313,0.036834508180618286,-0.05029428005218506,0.0,48.1788330078125,0.779509961605072,14.232694625854492,1.0],"resolution":[720,540],"sequence":24,"timestamp":1695122023.283,"tracking":2,"trackingReason":0},{"exposure":0.0,"image":"frame_00000025.jpg","intrinsics":[547.8785400390625,547.8785400390625,349.04229736328125,268.34942626953125,0.0],"location":{"altitude":111.31009674072266,"altitudeAccuracy":2.9561197757720947,"heading":47.56451416015625,"headingAccuracy":5.00858211517334,"headingTimestamp":1695122021000.0,"latitude":51.44733810424805,"longitude":7.035355091094971,"positionAccuracy":5.00858211517334,"positionSource":"corelocation","positionTimestamp":1695122021000.0},"pose":[48.17882537841797,0.7794478535652161,14.232975959777832,-0.5061923861503601,0.5228548645973206,0.4950105845928192,-0.474717378616333],"pose4x4":[-0.03682541847229004,-0.9993105530738831,-0.004724621772766113,0.0,-0.05935007333755493,-0.002532482147216797,0.9982340335845947,0.0,-0.9975577592849731,0.03704074025154114,-0.05921590328216553,0.0,48.17882537841797,0.7794478535652161,14.232975959777832,1.0],"resolution":[720,540],"sequence":25,"timestamp":1695122023.366,"tracking":2,"trackingReason":0},{"exposure":0.0,"image":"frame_00000026.jpg","intrinsics":[548.0982055664063,548.0982055664063,349.02789306640625,268.4058532714844,0.0],"location":{"altitude":111.31009674072266,"altitudeAccuracy":2.9561197757720947,"heading":47.56451416015625,"headingAccuracy":5.00858211517334,"headingTimestamp":1695122021000.0,"latitude":51.44733810424805,"longitude":7.035355091094971,"positionAccuracy":5.00858211517334,"positionSource":"corelocation","positionTimestamp":1695122021000.0},"pose":[48.17908477783203,0.779130220413208,14.233325958251953,-0.5081347823143005,0.5248197317123413,0.4935358762741089,-0.47200214862823486],"pose4x4":[-0.03802680969238281,-0.999258279800415,-0.006133437156677246,0.0,-0.06745836138725281,-0.0035572052001953125,0.9977161884307861,0.0,-0.996997594833374,0.0383533239364624,-0.06727337837219238,0.0,48.17908477783203,0.779130220413208,14.233325958251953,1.0],"resolution":[720,540],"sequence":26,"timestamp":1695122023.45,"tracking":2,"trackingReason":0},{"exposure":0.0,"image":"frame_00000027.jpg","intrinsics":[548.31787109375,548.31787109375,348.9877014160156,268.37371826171875,0.0],"location":{"altitude":111.31009674072266,"altitudeAccuracy":2.9561197757720947,"heading":47.56451416015625,"headingAccuracy":5.00858211517334,"headingTimestamp":1695122021000.0,"latitude":51.44733810424805,"longitude":7.035355091094971,"positionAccuracy":5.00858211517334,"positionSource":"corelocation","positionTimestamp":1695122021000.0},"pose":[48.17840576171875,0.779062032699585,14.233370780944824,-0.5101264119148254,0.527222216129303,0.4918249845504761,-0.468951940536499],"pose4x4":[-0.039710164070129395,-0.9991844892501831,-0.007302045822143555,0.0,-0.07661542296409607,-0.004241585731506348,0.9970517158508301,0.0,-0.9962695837020874,0.04015257954597473,-0.07638442516326904,0.0,48.17840576171875,0.779062032699585,14.233370780944824,1.0],"resolution":[720,540],"sequence":27,"timestamp":1695122023.549,"tracking":2,"trackingReason":0},{"exposure":0.0,"image":"frame_00000028.jpg","intrinsics":[548.0982055664063,548.0982055664063,349.0240478515625,268.3951416015625,0.0],"location":{"altitude":111.31009674072266,"altitudeAccuracy":2.9561197757720947,"heading":47.56451416015625,"headingAccuracy":5.00858211517334,"headingTimestamp":1695122021000.0,"latitude":51.44733810424805,"longitude":7.035355091094971,"positionAccuracy":5.00858211517334,"positionSource":"corelocation","positionTimestamp":1695122021000.0},"pose":[48.17755889892578,0.7792179584503174,14.234180450439453,-0.5126605033874512,0.529888927936554,0.4896417558193207,-0.46545514464378357],"pose4x4":[-0.04106259346008301,-0.9991188049316406,-0.008760899305343628,0.0,-0.08749368786811829,-0.005139589309692383,0.996152400970459,0.0,-0.9953190088272095,0.041670531034469604,-0.08720612525939941,0.0,48.17755889892578,0.7792179584503174,14.234180450439453,1.0],"resolution":[720,540],"sequence":28,"timestamp":1695122023.649,"tracking":2,"trackingReason":0},{"exposure":0.0,"image":"frame_00000029.jpg","intrinsics":[548.0982055664063,548.0982055664063,348.99127197265625,268.4351501464844,0.0],"location":{"altitude":111.31009674072266,"altitudeAccuracy":2.9561197757720947,"heading":47.56451416015625,"headingAccuracy":5.00858211517334,"headingTimestamp":1695122021000.0,"latitude":51.44733810424805,"longitude":7.035355091094971,"positionAccuracy":5.00858211517334,"positionSource":"corelocation","positionTimestamp":1695122021000.0},"pose":[48.1762809753418,0.7798720002174377,14.234326362609863,-0.5154297351837158,0.5325632691383362,0.4872356057167053,-0.4618544280529022],"pose4x4":[-0.04204440116882324,-0.9990617036819458,-0.010338008403778076,0.0,-0.09893402457237244,-0.006132721900939941,0.9950745701789856,0.0,-0.9942048192024231,0.042860567569732666,-0.09858298301696777,0.0,48.1762809753418,0.7798720002174377,14.234326362609863,1.0],"resolution":[720,540],"sequence":29,"timestamp":1695122023.749,"tracking":2,"trackingReason":0},{"exposure":0.0,"image":"frame_00000030.jpg","intrinsics":[548.31787109375,548.31787109375,349.0177001953125,268.46942138671875,0.0],"location":{"altitude":111.31009674072266,"altitudeAccuracy":2.9561197757720947,"heading":47.56451416015625,"headingAccuracy":5.00858211517334,"headingTimestamp":1695122021000.0,"latitude":51.44733810424805,"longitude":7.035355091094971,"positionAccuracy":5.00858211517334,"positionSource":"corelocation","positionTimestamp":1695122021000.0},"pose":[48.175445556640625,0.7804490327835083,14.235630989074707,-0.5185256600379944,0.5350977778434753,0.4846175014972687,-0.45819994807243347],"pose4x4":[-0.04236745834350586,-0.9990272521972656,-0.012209653854370117,0.0,-0.11082041263580322,-0.007445931434631348,0.9938123822212219,0.0,-0.9929367303848267,0.043458640575408936,-0.11039698123931885,0.0,48.175445556640625,0.7804490327835083,14.235630989074707,1.0],"resolution":[720,540],"sequence":30,"timestamp":1695122023.849,"tracking":2,"trackingReason":0},{"exposure":0.0,"image":"frame_00000031.jpg","intrinsics":[547.8785400390625,547.8785400390625,349.0132141113281,268.4565734863281,0.0],"location":{"altitude":111.31009674072266,"altitudeAccuracy":2.9561197757720947,"heading":47.56451416015625,"headingAccuracy":5.00858211517334,"headingTimestamp":1695122021000.0,"latitude":51.44733810424805,"longitude":7.035355091094971,"positionAccuracy":5.00858211517334,"positionSource":"corelocation","positionTimestamp":1695122021000.0},"pose":[48.175357818603516,0.780923068523407,14.236712455749512,-0.5216066241264343,0.5383530259132385,0.4818888306617737,-0.45374634861946106],"pose4x4":[-0.044081687927246094,-0.9989275932312012,-0.014161348342895508,0.0,-0.12430641055107117,-0.008580684661865234,0.9922068119049072,0.0,-0.9912642240524292,0.045498400926589966,-0.12379491329193115,0.0,48.175357818603516,0.780923068523407,14.236712455749512,1.0],"resolution":[720,540],"sequence":31,"timestamp":1695122023.949,"tracking":2,"trackingReason":0},{"exposure":0.0,"image":"frame_00000032.jpg","intrinsics":[548.0982055664063,548.0982055664063,348.99188232421875,268.46942138671875,0.0],"location":{"altitude":111.31009674072266,"altitudeAccuracy":2.9561197757720947,"heading":47.56451416015625,"headingAccuracy":5.00858211517334,"headingTimestamp":1695122021000.0,"latitude":51.44733810424805,"longitude":7.035355091094971,"positionAccuracy":5.00858211517334,"positionSource":"corelocation","positionTimestamp":1695122021000.0},"pose":[48.17467498779297,0.7804406881332397,14.2381010055542,-0.5244721174240112,0.542043924331665,0.47894513607025146,-0.44914236664772034],"pose4x4":[-0.04640007019042969,-0.998802900314331,-0.015476971864700317,0.0,-0.13834473490715027,-0.0089188814163208,0.9903439283370972,0.0,-0.989296555519104,0.048093318939208984,-0.13776516914367676,0.0,48.17467498779297,0.7804406881332397,14.2381010055542,1.0],"resolution":[720,540],"sequence":32,"timestamp":1695122024.049,"tracking":2,"trackingReason":0},{"exposure":0.0,"image":"frame_00000033.jpg","intrinsics":[548.0982055664063,548.0982055664063,349.03076171875,268.4736022949219,0.0],"location":{"altitude":111.31009674072266,"altitudeAccuracy":2.9561197757720947,"heading":47.56451416015625,"headingAccuracy":5.00858211517334,"headingTimestamp":1695122021000.0,"latitude":51.44733810424805,"longitude":7.035355091094971,"positionAccuracy":5.00858211517334,"positionSource":"corelocation","positionTimestamp":1695122021000.0},"pose":[48.174354553222656,0.7811362743377686,14.239168167114258,-0.5287182927131653,0.5456030368804932,0.4751439392566681,-0.44386017322540283],"pose4x4":[-0.04688882827758789,-0.9987355470657349,-0.018091708421707153,0.0,-0.15514564514160156,-0.010609626770019531,0.9878339171409607,0.0,-0.9867775440216064,0.04912596940994263,-0.1544513702392578,0.0,48.174354553222656,0.7811362743377686,14.239168167114258,1.0],"resolution":[720,540],"sequence":33,"timestamp":1695122024.149,"tracking":2,"trackingReason":0},{"exposure":0.0,"image":"frame_00000034.jpg","intrinsics":[548.0982055664063,548.0982055664063,349.01409912109375,268.4558410644531,0.0],"location":{"altitude":111.31009674072266,"altitudeAccuracy":2.9561197757720947,"heading":47.56451416015625,"headingAccuracy":5.00858211517334,"headingTimestamp":1695122021000.0,"latitude":51.44733810424805,"longitude":7.035355091094971,"positionAccuracy":5.00858211517334,"positionSource":"corelocation","positionTimestamp":1695122021000.0},"pose":[48.17522430419922,0.7820872664451599,14.2398099899292,-0.5322731137275696,0.5486765503883362,0.4719347655773163,-0.4392234981060028],"pose4x4":[-0.04753673076629639,-0.9986612200737,-0.020413070917129517,0.0,-0.16952186822891235,-0.01207423210144043,0.9854527711868286,0.0,-0.9843796491622925,0.050305336713790894,-0.16872119903564453,0.0,48.17522430419922,0.7820872664451599,14.2398099899292,1.0],"resolution":[720,540],"sequence":34,"timestamp":1695122024.233,"tracking":2,"trackingReason":0},{"exposure":0.0,"image":"frame_00000035.jpg","intrinsics":[548.0982055664063,548.0982055664063,349.0010681152344,268.486572265625,0.0],"location":{"altitude":111.31009674072266,"altitudeAccuracy":2.9561197757720947,"heading":47.56451416015625,"headingAccuracy":5.00858211517334,"headingTimestamp":1695122021000.0,"latitude":51.44733810424805,"longitude":7.035355091094971,"positionAccuracy":5.00858211517334,"positionSource":"corelocation","positionTimestamp":1695122021000.0},"pose":[48.17631530761719,0.7824798822402954,14.24001407623291,-0.5356034636497498,0.5519232749938965,0.46860137581825256,-0.43465176224708557],"pose4x4":[-0.04841315746307373,-0.998580813407898,-0.02218019962310791,0.0,-0.1838671863079071,-0.0129166841506958,0.9828659892082214,0.0,-0.9817578792572021,0.05166202783584595,-0.18298077583312988,0.0,48.17631530761719,0.7824798822402954,14.24001407623291,1.0],"resolution":[720,540],"sequence":35,"timestamp":1695122024.316,"tracking":2,"trackingReason":0},{"exposure":0.0,"image":"frame_00000036.jpg","intrinsics":[548.31787109375,548.31787109375,349.043701171875,268.46942138671875,0.0],"location":{"altitude":111.31009674072266,"altitudeAccuracy":2.9561197757720947,"heading":47.56451416015625,"headingAccuracy":5.00858211517334,"headingTimestamp":1695122021000.0,"latitude":51.44733810424805,"longitude":7.035355091094971,"positionAccuracy":5.00858211517334,"positionSource":"corelocation","positionTimestamp":1695122021000.0},"pose":[48.17633819580078,0.7828724384307861,14.239767074584961,-0.5385603904724121,0.5551959276199341,0.4651115834712982,-0.43055880069732666],"pose4x4":[-0.04914259910583496,-0.9985288381576538,-0.022892355918884277,0.0,-0.19749727845191956,-0.012752175331115723,0.9802199602127075,0.0,-0.9790703058242798,0.052692294120788574,-0.1965796947479248,0.0,48.17633819580078,0.7828724384307861,14.239767074584961,1.0],"resolution":[720,540],"sequence":36,"timestamp":1695122024.399,"tracking":2,"trackingReason":0},{"exposure":0.0,"image":"frame_00000037.jpg","intrinsics":[548.31787109375,548.31787109375,349.05657958984375,268.447998046875,0.0],"location":{"altitude":111.31009674072266,"altitudeAccuracy":2.9561197757720947,"heading":47.56451416015625,"headingAccuracy":5.00858211517334,"headingTimestamp":1695122021000.0,"latitude":51.44733810424805,"longitude":7.035355091094971,"positionAccuracy":5.00858211517334,"positionSource":"corelocation","positionTimestamp":1695122021000.0},"pose":[48.17538833618164,0.7829397320747375,14.239790916442871,-0.5417525768280029,0.5578591823577881,0.4616897404193878,-0.4267790913581848],"pose4x4":[-0.0487285852432251,-0.9985224008560181,-0.024077922105789185,0.0,-0.21036425232887268,-0.013306617736816406,0.9775331020355225,0.0,-0.9764084815979004,0.05269840359687805,-0.20940542221069336,0.0,48.17538833618164,0.7829397320747375,14.239790916442871,1.0],"resolution":[720,540],"sequence":37,"timestamp":1695122024.483,"tracking":2,"trackingReason":0},{"exposure":0.0,"image":"frame_00000038.jpg","intrinsics":[547.8785400390625,547.8785400390625,349.0447998046875,268.53778076171875,0.0],"location":{"altitude":111.31009674072266,"altitudeAccuracy":2.9561197757720947,"heading":47.56451416015625,"headingAccuracy":5.00858211517334,"headingTimestamp":1695122021000.0,"latitude":51.44733810424805,"longitude":7.035355091094971,"positionAccuracy":5.00858211517334,"positionSource":"corelocation","positionTimestamp":1695122021000.0},"pose":[48.17427444458008,0.7832220792770386,14.240681648254395,-0.5454645752906799,0.56207674741745,0.4571765661239624,-0.42134106159210205],"pose4x4":[-0.04988133907318115,-0.9984403848648071,-0.025095194578170776,0.0,-0.22793135046958923,-0.013084053993225098,0.9735898971557617,0.0,-0.9723992347717285,0.05428338050842285,-0.22692370414733887,0.0,48.17427444458008,0.7832220792770386,14.240681648254395,1.0],"resolution":[720,540],"sequence":38,"timestamp":1695122024.582,"tracking":2,"trackingReason":0},{"exposure":0.0,"image":"frame_00000039.jpg","intrinsics":[548.0982055664063,548.0982055664063,349.0400085449219,268.5165710449219,0.0],"location":{"altitude":111.31009674072266,"altitudeAccuracy":2.9561197757720947,"heading":47.56451416015625,"headingAccuracy":5.00858211517334,"headingTimestamp":1695122021000.0,"latitude":51.44733810424805,"longitude":7.035355091094971,"positionAccuracy":5.00858211517334,"positionSource":"corelocation","positionTimestamp":1695122021000.0},"pose":[48.17315673828125,0.7833817601203918,14.241944313049316,-0.548758864402771,0.5664560198783875,0.45264825224876404,-0.4160540997982025],"pose4x4":[-0.05152571201324463,-0.9983478784561157,-0.02543678879737854,0.0,-0.24504318833351135,-0.012053489685058594,0.9694373607635498,0.0,-0.9681421518325806,0.05618390440940857,-0.2440173625946045,0.0,48.17315673828125,0.7833817601203918,14.241944313049316,1.0],"resolution":[720,540],"sequence":39,"timestamp":1695122024.682,"tracking":2,"trackingReason":0},{"exposure":0.0,"image":"frame_00000040.jpg","intrinsics":[548.0982055664063,548.0982055664063,349.00634765625,268.59320068359375,0.0],"location":{"altitude":111.31009674072266,"altitudeAccuracy":2.9561197757720947,"heading":47.56451416015625,"headingAccuracy":5.00858211517334,"headingT