{"app":"com.DefaultCompany.HummingHavoc-ARDK3-Test2","autofocus":1,"captureGroup":{"sequence":0,"uuid":"018aad2d-ae7b-700d-8077-72270000ffff"},"coordinates":"opengl","depthSource":"none","duration":71.944,"formatVersion":"1","frameCount":854,"framerate":11.856443900811742,"frames":[{"exposure":0.0,"image":"frame_00000000.jpg","intrinsics":[546.7803344726563,546.7803344726563,352.18017578125,268.3705749511719,0.0],"location":{"altitude":112.61839294433594,"altitudeAccuracy":3.1227188110351563,"heading":327.47088623046875,"headingAccuracy":4.9064412117004395,"headingTimestamp":1695122564000.0,"latitude":51.4473762512207,"longitude":7.034886360168457,"positionAccuracy":4.9064412117004395,"positionSource":"corelocation","positionTimestamp":1695122564000.0},"pose":[2.2027912564226426e-05,0.008599106222391129,0.0035419536288827658,-0.28573018312454224,-0.23244830965995789,-0.6527112126350403,0.6620383858680725],"pose4x4":[0.03987175226211548,-0.7314047813415527,0.6807780265808105,0.0,0.9970747232437134,-0.01534736156463623,-0.07488548755645752,0.0,0.06521919369697571,0.6817719340324402,0.7286521196365356,0.0,2.2027912564226426e-05,0.008599106222391129,0.0035419536288827658,1.0],"resolution":[720,540],"sequence":0,"timestamp":1695122566.0,"tracking":2,"trackingReason":0},{"exposure":0.0,"image":"frame_00000001.jpg","intrinsics":[547.0,547.0,352.10272216796875,268.4558410644531,0.0],"location":{"altitude":112.61839294433594,"altitudeAccuracy":3.1227188110351563,"heading":327.47088623046875,"headingAccuracy":4.9064412117004395,"headingTimestamp":1695122564000.0,"latitude":51.4473762512207,"longitude":7.034886360168457,"positionAccuracy":4.9064412117004395,"positionSource":"corelocation","positionTimestamp":1695122564000.0},"pose":[0.0009137634187936783,0.009307608008384705,0.004551351070404053,-0.28326597809791565,-0.23455537855625153,-0.6552374958992004,0.6598542928695679],"pose4x4":[0.031295180320739746,-0.7318394184112549,0.6807577610015869,0.0,0.9976056814193726,-0.01915156841278076,-0.06644958257675171,0.0,0.06166824698448181,0.6812074780464172,0.7294883131980896,0.0,0.0009137634187936783,0.009307608008384705,0.004551351070404053,1.0],"resolution":[720,540],"sequence":1,"timestamp":1695122566.1,"tracking":2,"trackingReason":0},{"exposure":0.0,"image":"frame_00000002.jpg","intrinsics":[547.4392700195313,547.4392700195313,352.1567077636719,268.42413330078125,0.0],"location":{"altitude":112.61839294433594,"altitudeAccuracy":3.1227188110351563,"heading":327.47088623046875,"headingAccuracy":4.9064412117004395,"headingTimestamp":1695122564000.0,"latitude":51.4473762512207,"longitude":7.034886360168457,"positionAccuracy":4.9064412117004395,"positionSource":"corelocation","positionTimestamp":1695122564000.0},"pose":[0.000477382360259071,0.008418984711170197,0.0043282960541546345,-0.281914621591568,-0.24347561597824097,-0.6552846431732178,0.657149612903595],"pose4x4":[0.022643327713012695,-0.7239614129066467,0.689468502998352,0.0,0.9985187649726868,-0.01774764060974121,-0.05142849683761597,0.0,0.04946884512901306,0.6896118521690369,0.7224875688552856,0.0,0.000477382360259071,0.008418984711170197,0.0043282960541546345,1.0],"resolution":[720,540],"sequence":2,"timestamp":1695122566.2,"tracking":2,"trackingReason":0},{"exposure":0.0,"image":"frame_00000003.jpg","intrinsics":[547.0,547.0,352.1220703125,268.5310974121094,0.0],"location":{"altitude":112.61839294433594,"altitudeAccuracy":3.1227188110351563,"heading":327.47088623046875,"headingAccuracy":4.9064412117004395,"headingTimestamp":1695122564000.0,"latitude":51.4473762512207,"longitude":7.034886360168457,"positionAccuracy":4.9064412117004395,"positionSource":"corelocation","positionTimestamp":1695122564000.0},"pose":[-0.0013344129547476768,0.008457779884338379,0.0047171451151371,-0.2798791229724884,-0.2456340491771698,-0.6560531258583069,0.6564492583274841],"pose4x4":[0.0185164213180542,-0.7238354682922363,0.6897237300872803,0.0,0.9988268613815308,-0.01747608184814453,-0.04515492916107178,0.0,0.044738590717315674,0.6897508502006531,0.722663164138794,0.0,-0.0013344129547476768,0.008457779884338379,0.0047171451151371,1.0],"resolution":[720,540],"sequence":3,"timestamp":1695122566.3,"tracking":2,"trackingReason":0},{"exposure":0.0,"image":"frame_00000004.jpg","intrinsics":[547.4392700195313,547.4392700195313,352.16552734375,268.53790283203125,0.0],"location":{"altitude":112.61839294433594,"altitudeAccuracy":3.1227188110351563,"heading":327.47088623046875,"headingAccuracy":4.9064412117004395,"headingTimestamp":1695122564000.0,"latitude":51.4473762512207,"longitude":7.034886360168457,"positionAccuracy":4.9064412117004395,"positionSource":"corelocation","positionTimestamp":1695122564000.0},"pose":[-0.0021935454569756985,0.009219028055667877,0.00569133460521698,-0.2769942581653595,-0.2456224113702774,-0.6585777997970581,0.6551482081413269],"pose4x4":[0.011889815330505371,-0.7268601655960083,0.6866827011108398,0.0,0.9990041255950928,-0.020901083946228027,-0.039421647787094116,0.0,0.04300636053085327,0.6864675283432007,0.725887656211853,0.0,-0.0021935454569756985,0.009219028055667877,0.00569133460521698,1.0],"resolution":[720,540],"sequence":4,"timestamp":1695122566.4,"tracking":2,"trackingReason":0},{"exposure":0.0,"image":"frame_00000005.jpg","intrinsics":[547.4392700195313,547.4392700195313,352.16552734375,268.5736083984375,0.0],"location":{"altitude":112.61839294433594,"altitudeAccuracy":3.1227188110351563,"heading":327.47088623046875,"headingAccuracy":4.9064412117004395,"headingTimestamp":1695122564000.0,"latitude":51.4473762512207,"longitude":7.034886360168457,"positionAccuracy":4.9064412117004395,"positionSource":"corelocation","positionTimestamp":1695122564000.0},"pose":[-0.0033215798903256655,0.009816132485866547,0.006085582077503204,-0.276840478181839,-0.24522843956947327,-0.6600392460823059,0.6538886427879333],"pose4x4":[0.008422374725341797,-0.7274060249328613,0.6861553192138672,0.0,0.9989626407623291,-0.02458488941192627,-0.03832489252090454,0.0,0.044746965169906616,0.6857664585113525,0.7264447212219238,0.0,-0.0033215798903256655,0.009816132485866547,0.006085582077503204,1.0],"resolution":[720,540],"sequence":5,"timestamp":1695122566.5,"tracking":2,"trackingReason":0},{"exposure":0.0,"image":"frame_00000006.jpg","intrinsics":[547.6588745117188,547.6588745117188,352.1737976074219,268.57574462890625,0.0],"location":{"altitude":112.61839294433594,"altitudeAccuracy":3.1227188110351563,"heading":327.47088623046875,"headingAccuracy":4.9064412117004395,"headingTimestamp":1695122564000.0,"latitude":51.4473762512207,"longitude":7.034886360168457,"positionAccuracy":4.9064412117004395,"positionSource":"corelocation","positionTimestamp":1695122564000.0},"pose":[-0.00451631611213088,0.009918954223394394,0.006345145404338837,-0.2762359082698822,-0.24536338448524475,-0.6599241495132446,0.6542100310325623],"pose4x4":[0.008593857288360596,-0.7279016375541687,0.685627818107605,0.0,0.9990143179893494,-0.023612260818481445,-0.03759017586708069,0.0,0.043551117181777954,0.6852750778198242,0.7269810438156128,0.0,-0.00451631611213088,0.009918954223394394,0.006345145404338837,1.0],"resolution":[720,540],"sequence":6,"timestamp":1695122566.583,"tracking":2,"trackingReason":0},{"exposure":0.0,"image":"frame_00000007.jpg","intrinsics":[547.6588745117188,547.6588745117188,352.1430969238281,268.5800476074219,0.0],"location":{"altitude":112.61839294433594,"altitudeAccuracy":3.1227188110351563,"heading":327.47088623046875,"headingAccuracy":4.9064412117004395,"headingTimestamp":1695122564000.0,"latitude":51.4473762512207,"longitude":7.034886360168457,"positionAccuracy":4.9064412117004395,"positionSource":"corelocation","positionTimestamp":1695122564000.0},"pose":[-0.005850859452039003,0.0103343166410923,0.006766337901353836,-0.2754460871219635,-0.2440701425075531,-0.659788191318512,0.6551631689071655],"pose4x4":[0.010218620300292969,-0.7300814986228943,0.6832836866378784,0.0,0.9989941716194153,-0.022382020950317383,-0.03885507583618164,0.0,0.043660640716552734,0.682993471622467,0.7291184663772583,0.0,-0.005850859452039003,0.0103343166410923,0.006766337901353836,1.0],"resolution":[720,540],"sequence":7,"timestamp":1695122566.683,"tracking":2,"trackingReason":0},{"exposure":0.0,"image":"frame_00000008.jpg","intrinsics":[547.6588745117188,547.6588745117188,352.1688232421875,268.5557556152344,0.0],"location":{"altitude":112.61839294433594,"altitudeAccuracy":3.1227188110351563,"heading":327.47088623046875,"headingAccuracy":4.9064412117004395,"headingTimestamp":1695122564000.0,"latitude":51.4473762512207,"longitude":7.034886360168457,"positionAccuracy":4.9064412117004395,"positionSource":"corelocation","positionTimestamp":1695122564000.0},"pose":[-0.006672189105302095,0.01141764223575592,0.007052388042211533,-0.27424195408821106,-0.242920383810997,-0.6603160500526428,0.6555640697479248],"pose4x4":[0.009944796562194824,-0.7325210571289063,0.6806724667549133,0.0,0.9989968538284302,-0.02245187759399414,-0.03875786066055298,0.0,0.04367297887802124,0.680374801158905,0.731562077999115,0.0,-0.006672189105302095,0.01141764223575592,0.007052388042211533,1.0],"resolution":[720,540],"sequence":8,"timestamp":1695122566.783,"tracking":2,"trackingReason":0},{"exposure":0.0,"image":"frame_00000009.jpg","intrinsics":[547.6588745117188,547.6588745117188,352.1438293457031,268.58074951171875,0.0],"location":{"altitude":112.61839294433594,"altitudeAccuracy":3.1227188110351563,"heading":327.47088623046875,"headingAccuracy":4.9064412117004395,"headingTimestamp":1695122564000.0,"latitude":51.4473762512207,"longitude":7.034886360168457,"positionAccuracy":4.9064412117004395,"positionSource":"corelocation","positionTimestamp":1695122564000.0},"pose":[-0.007211886812001467,0.013415127992630005,0.008491180837154388,-0.27154839038848877,-0.24086438119411469,-0.6610497832298279,0.6567036509513855],"pose4x4":[0.009995102882385254,-0.7374149560928345,0.675366997718811,0.0,0.9990402460098267,-0.02145063877105713,-0.03820693492889404,0.0,0.04266098141670227,0.6751003265380859,0.7364916801452637,0.0,-0.007211886812001467,0.013415127992630005,0.008491180837154388,1.0],"resolution":[720,540],"sequence":9,"timestamp":1695122566.883,"tracking":2,"trackingReason":0},{"exposure":0.0,"image":"frame_00000010.jpg","intrinsics":[547.4392700195313,547.4392700195313,352.13433837890625,268.57147216796875,0.0],"location":{"altitude":112.61839294433594,"altitudeAccuracy":3.1227188110351563,"heading":327.47088623046875,"headingAccuracy":4.9064412117004395,"headingTimestamp":1695122564000.0,"latitude":51.4473762512207,"longitude":7.034886360168457,"positionAccuracy":4.9064412117004395,"positionSource":"corelocation","positionTimestamp":1695122564000.0},"pose":[-0.006884862668812275,0.014963999390602112,0.010327406227588654,-0.26792865991592407,-0.23816746473312378,-0.6627458333969116,0.6574631929397583],"pose4x4":[0.008088409900665283,-0.7438381910324097,0.6683099269866943,0.0,0.9990857839584351,-0.022035598754882813,-0.0366174578666687,0.0,0.04196450114250183,0.6679954528808594,0.74298095703125,0.0,-0.006884862668812275,0.014963999390602112,0.010327406227588654,1.0],"resolution":[720,540],"sequence":10,"timestamp":1695122566.966,"tracking":2,"trackingReason":0},{"exposure":0.0,"image":"frame_00000011.jpg","intrinsics":[547.6588745117188,547.6588745117188,352.08251953125,268.5885925292969,0.0],"location":{"altitude":112.61839294433594,"altitudeAccuracy":3.1227188110351563,"heading":327.47088623046875,"headingAccuracy":4.9064412117004395,"headingTimestamp":1695122564000.0,"latitude":51.4473762512207,"longitude":7.034886360168457,"positionAccuracy":4.9064412117004395,"positionSource":"corelocation","positionTimestamp":1695122564000.0},"pose":[-0.0063097793608903885,0.016725406050682068,0.0123603455722332,-0.2630214989185333,-0.23473189771175385,-0.6657247543334961,0.6576712727546692],"pose4x4":[0.003422975540161133,-0.7521770000457764,0.6589527130126953,0.0,0.9991351366043091,-0.024739503860473633,-0.03342968225479126,0.0,0.0414469838142395,0.6584970355033875,0.751441240310669,0.0,-0.0063097793608903885,0.016725406050682068,0.0123603455722332,1.0],"resolution":[720,540],"sequence":11,"timestamp":1695122567.049,"tracking":2,"trackingReason":0},{"exposure":0.0,"image":"frame_00000012.jpg","intrinsics":[547.8785400390625,547.8785400390625,352.0885009765625,268.5271911621094,0.0],"location":{"altitude":112.61839294433594,"altitudeAccuracy":3.1227188110351563,"heading":327.47088623046875,"headingAccuracy":4.9064412117004395,"headingTimestamp":1695122564000.0,"latitude":51.4473762512207,"longitude":7.034886360168457,"positionAccuracy":4.9064412117004395,"positionSource":"corelocation","positionTimestamp":1695122564000.0},"pose":[-0.005841570440679789,0.020272310823202133,0.01377984881401062,-0.25873494148254395,-0.23055137693881989,-0.6681116819381714,0.6584289073944092],"pose4x4":[0.0009456872940063477,-0.7605046629905701,0.6493310928344727,0.0,0.9991114735603333,-0.02663397789001465,-0.03264901041984558,0.0,0.04212430119514465,0.6487852334976196,0.7598046064376831,0.0,-0.005841570440679789,0.020272310823202133,0.01377984881401062,1.0],"resolution":[720,540],"sequence":12,"timestamp":1695122567.133,"tracking":2,"trackingReason":0},{"exposure":0.0,"image":"frame_00000013.jpg","intrinsics":[547.6588745117188,547.6588745117188,351.95556640625,268.58740234375,0.0],"location":{"altitude":112.61839294433594,"altitudeAccuracy":3.1227188110351563,"heading":327.47088623046875,"headingAccuracy":4.9064412117004395,"headingTimestamp":1695122564000.0,"latitude":51.4473762512207,"longitude":7.034886360168457,"positionAccuracy":4.9064412117004395,"positionSource":"corelocation","positionTimestamp":1695122564000.0},"pose":[-0.0040895347483456135,0.02225860208272934,0.01582639291882515,-0.2528531849384308,-0.22721602022647858,-0.6703777313232422,0.6595689058303833],"pose4x4":[-0.0020668506622314453,-0.7694160342216492,0.63874351978302,0.0,0.9992251992225647,-0.026682019233703613,-0.028907060623168945,0.0,0.03928503394126892,0.6381893157958984,0.768876314163208,0.0,-0.0040895347483456135,0.02225860208272934,0.01582639291882515,1.0],"resolution":[720,540],"sequence":13,"timestamp":1695122567.233,"tracking":2,"trackingReason":0},{"exposure":0.0,"image":"frame_00000014.jpg","intrinsics":[547.6588745117188,547.6588745117188,351.97283935546875,268.5198974609375,0.0],"location":{"altitude":112.61839294433594,"altitudeAccuracy":3.1227188110351563,"heading":327.47088623046875,"headingAccuracy":4.9064412117004395,"headingTimestamp":1695122564000.0,"latitude":51.4473762512207,"longitude":7.034886360168457,"positionAccuracy":4.9064412117004395,"positionSource":"corelocation","positionTimestamp":1695122564000.0},"pose":[-0.002775568049401045,0.02432222291827202,0.01747822016477585,-0.24697260558605194,-0.22420285642147064,-0.6721512675285339,0.6610222458839417],"pose4x4":[-0.004108428955078125,-0.7778699398040771,0.6284120082855225,0.0,0.9993578195571899,-0.025565624237060547,-0.025112301111221313,0.0,0.035599738359451294,0.6279052495956421,0.7774752378463745,0.0,-0.002775568049401045,0.02432222291827202,0.01747822016477585,1.0],"resolution":[720,540],"sequence":14,"timestamp":1695122567.333,"tracking":2,"trackingReason":0},{"exposure":0.0,"image":"frame_00000015.jpg","intrinsics":[547.8785400390625,547.8785400390625,351.93646240234375,268.51239013671875,0.0],"location":{"altitude":112.61839294433594,"altitudeAccuracy":3.1227188110351563,"heading":327.47088623046875,"headingAccuracy":4.9064412117004395,"headingTimestamp":1695122564000.0,"latitude":51.4473762512207,"longitude":7.034886360168457,"positionAccuracy":4.9064412117004395,"positionSource":"corelocation","positionTimestamp":1695122564000.0},"pose":[-0.0013495641760528088,0.026748083531856537,0.019020650535821915,-0.24117255210876465,-0.22106723487377167,-0.6740643382072449,0.6622708439826965],"pose4x4":[-0.006466865539550781,-0.7861956357955933,0.6179443597793579,0.0,0.9994570016860962,-0.025053858757019043,-0.021416038274765015,0.0,0.03231886029243469,0.6174701452255249,0.7859301567077637,0.0,-0.0013495641760528088,0.026748083531856537,0.019020650535821915,1.0],"resolution":[720,540],"sequence":15,"timestamp":1695122567.433,"tracking":2,"trackingReason":0},{"exposure":0.0,"image":"frame_00000016.jpg","intrinsics":[547.6588745117188,547.6588745117188,351.8677062988281,268.5159912109375,0.0],"location":{"altitude":112.61839294433594,"altitudeAccuracy":3.1227188110351563,"heading":327.47088623046875,"headingAccuracy":4.9064412117004395,"headingTimestamp":1695122564000.0,"latitude":51.4473762512207,"longitude":7.034886360168457,"positionAccuracy":4.9064412117004395,"positionSource":"corelocation","positionTimestamp":1695122564000.0},"pose":[-0.00014522625133395195,0.02826540917158127,0.020326979458332062,-0.23441876471042633,-0.21882811188697815,-0.6758385896682739,0.6636300086975098],"pose4x4":[-0.009287118911743164,-0.7944186925888062,0.6073002815246582,0.0,0.9996083974838257,-0.023419976234436035,-0.015349715948104858,0.0,0.026416689157485962,0.6069196462631226,0.7943242192268372,0.0,-0.00014522625133395195,0.02826540917158127,0.020326979458332062,1.0],"resolution":[720,540],"sequence":16,"timestamp":1695122567.516,"tracking":2,"trackingReason":0},{"exposure":0.0,"image":"frame_00000017.jpg","intrinsics":[548.0982055664063,548.0982055664063,351.76422119140625,268.5238342285156,0.0],"location":{"altitude":112.61839294433594,"altitudeAccuracy":3.1227188110351563,"heading":327.47088623046875,"headingAccuracy":4.9064412117004395,"headingTimestamp":1695122564000.0,"latitude":51.4473762512207,"longitude":7.034886360168457,"positionAccuracy":4.9064412117004395,"positionSource":"corelocation","positionTimestamp":1695122564000.0},"pose":[0.0009549556416459382,0.028731804341077805,0.02098098024725914,-0.22576987743377686,-0.2171575129032135,-0.6777295470237732,0.6652467846870422],"pose4x4":[-0.012949466705322266,-0.8036595582962036,0.5949485301971436,0.0,0.9997700452804565,-0.020578742027282715,-0.006037235260009766,0.0,0.017095178365707397,0.594733476638794,0.8037411570549011,0.0,0.0009549556416459382,0.028731804341077805,0.02098098024725914,1.0],"resolution":[720,540],"sequence":17,"timestamp":1695122567.599,"tracking":2,"trackingReason":0},{"exposure":0.0,"image":"frame_00000018.jpg","intrinsics":[548.0982055664063,548.0982055664063,351.6724548339844,268.49383544921875,0.0],"location":{"altitude":112.61839294433594,"altitudeAccuracy":3.1227188110351563,"heading":327.47088623046875,"headingAccuracy":4.9064412117004395,"headingTimestamp":1695122564000.0,"latitude":51.4473762512207,"longitude":7.034886360168457,"positionAccuracy":4.9064412117004395,"positionSource":"corelocation","positionTimestamp":1695122564000.0},"pose":[0.002053323434665799,0.029654551297426224,0.021647922694683075,-0.21739619970321655,-0.21567519009113312,-0.6797870993614197,0.6664174795150757],"pose4x4":[-0.017252564430236816,-0.8122700452804565,0.5830256938934326,0.0,0.999817967414856,-0.018743157386779785,0.0034731626510620117,0.0,0.008106827735900879,0.582979679107666,0.8124462366104126,0.0,0.002053323434665799,0.029654551297426224,0.021647922694683075,1.0],"resolution":[720,540],"sequence":18,"timestamp":1695122567.682,"tracking":2,"trackingReason":0},{"exposure":0.0,"image":"frame_00000019.jpg","intrinsics":[547.8785400390625,547.8785400390625,351.61376953125,268.48028564453125,0.0],"location":{"altitude":112.61839294433594,"altitudeAccuracy":3.1227188110351563,"heading":327.47088623046875,"headingAccuracy":4.9064412117004395,"headingTimestamp":1695122564000.0,"latitude":51.4473762512207,"longitude":7.034886360168457,"positionAccuracy":4.9064412117004395,"positionSource":"corelocation","positionTimestamp":1695122564000.0},"pose":[0.003381820861250162,0.029804885387420654,0.021532710641622543,-0.20947082340717316,-0.2149374783039093,-0.682084321975708,0.6668466329574585],"pose4x4":[-0.02287423610687256,-0.8196449875831604,0.5724141597747803,0.0,0.999737560749054,-0.01823413372039795,0.013841122388839722,0.0,-0.0009071528911590576,0.5725808143615723,0.8198477029800415,0.0,0.003381820861250162,0.029804885387420654,0.021532710641622543,1.0],"resolution":[720,540],"sequence":19,"timestamp":1695122567.766,"tracking":2,"trackingReason":0},{"exposure":0.0,"image":"frame_00000020.jpg","intrinsics":[548.0982055664063,548.0982055664063,351.537841796875,268.472412109375,0.0],"location":{"altitude":112.61839294433594,"altitudeAccuracy":3.1227188110351563,"heading":327.47088623046875,"headingAccuracy":4.9064412117004395,"headingTimestamp":1695122564000.0,"latitude":51.4473762512207,"longitude":7.034886360168457,"positionAccuracy":4.9064412117004395,"positionSource":"corelocation","positionTimestamp":1695122564000.0},"pose":[0.004113317467272282,0.02926553040742874,0.021291617304086685,-0.20184409618377686,-0.21456757187843323,-0.6842429041862488,0.667107105255127],"pose4x4":[-0.028455138206481934,-0.8263082504272461,0.5624998807907104,0.0,0.9995449781417847,-0.01785874366760254,0.024329423904418945,0.0,-0.010058343410491943,0.5629359483718872,0.8264394402503967,0.0,0.004113317467272282,0.02926553040742874,0.021291617304086685,1.0],"resolution":[720,540],"sequence":20,"timestamp":1695122567.849,"tracking":2,"trackingReason":0},{"exposure":0.0,"image":"frame_00000021.jpg","intrinsics":[548.0982055664063,548.0982055664063,351.4215393066406,268.5447692871094,0.0],"location":{"altitude":112.61839294433594,"altitudeAccuracy":3.1227188110351563,"heading":327.47088623046875,"headingAccuracy":4.9064412117004395,"headingTimestamp":1695122564000.0,"latitude":51.4473762512207,"longitude":7.034886360168457,"positionAccuracy":4.9064412117004395,"positionSource":"corelocation","positionTimestamp":1695122564000.0},"pose":[0.0046171508729457855,0.02856447547674179,0.021214809268712997,-0.19543592631816864,-0.2147943377494812,-0.685733437538147,0.6674110293388367],"pose4x4":[-0.032733917236328125,-0.8313750624656677,0.554746150970459,0.0,0.9992892146110535,-0.016851067543029785,0.033711135387420654,0.0,-0.018678337335586548,0.5554555058479309,0.8313363790512085,0.0,0.0046171508729457855,0.02856447547674179,0.021214809268712997,1.0],"resolution":[720,540],"sequence":21,"timestamp":1695122567.932,"tracking":2,"trackingReason":0},{"exposure":0.0,"image":"frame_00000022.jpg","intrinsics":[547.8785400390625,547.8785400390625,351.4327392578125,268.4799499511719,0.0],"location":{"altitude":112.61839294433594,"altitudeAccuracy":3.1227188110351563,"heading":327.47088623046875,"headingAccuracy":4.9064412117004395,"headingTimestamp":1695122564000.0,"latitude":51.4473762512207,"longitude":7.034886360168457,"positionAccuracy":4.9064412117004395,"positionSource":"corelocation","positionTimestamp":1695122564000.0},"pose":[0.004947097506374121,0.027450144290924072,0.021080784499645233,-0.19018712639808655,-0.21556371450424194,-0.6867473721504211,0.6676366329193115],"pose4x4":[-0.036179304122924805,-0.8350005149841309,0.5490574836730957,0.0,0.9989902973175049,-0.015586256980895996,0.04212385416030884,0.0,-0.026615440845489502,0.5500274300575256,0.8347222805023193,0.0,0.004947097506374121,0.027450144290924072,0.021080784499645233,1.0],"resolution":[720,540],"sequence":22,"timestamp":1695122568.016,"tracking":2,"trackingReason":0},{"exposure":0.0,"image":"frame_00000023.jpg","intrinsics":[547.8785400390625,547.8785400390625,351.2780456542969,268.54046630859375,0.0],"location":{"altitude":112.61839294433594,"altitudeAccuracy":3.1227188110351563,"heading":327.47088623046875,"headingAccuracy":4.9064412117004395,"headingTimestamp":1695122564000.0,"latitude":51.4473762512207,"longitude":7.034886360168457,"positionAccuracy":4.9064412117004395,"positionSource":"corelocation","positionTimestamp":1695122564000.0},"pose":[0.004901501350104809,0.027790479362010956,0.020785730332136154,-0.18380267918109894,-0.21731267869472504,-0.6881921291351318,0.6673699021339417],"pose4x4":[-0.041666388511657715,-0.8386721014976501,0.5430389642715454,0.0,0.9984427094459534,-0.014783620834350586,0.05377700924873352,0.0,-0.03707274794578552,0.5444345474243164,0.8379835486412048,0.0,0.004901501350104809,0.027790479362010956,0.020785730332136154,1.0],"resolution":[720,540],"sequence":23,"timestamp":1695122568.099,"tracking":2,"trackingReason":0},{"exposure":0.0,"image":"frame_00000024.jpg","intrinsics":[548.0982055664063,548.0982055664063,351.2381591796875,268.4761962890625,0.0],"location":{"altitude":112.61839294433594,"altitudeAccuracy":3.1227188110351563,"heading":327.47088623046875,"headingAccuracy":4.9064412117004395,"headingTimestamp":1695122564000.0,"latitude":51.4473762512207,"longitude":7.034886360168457,"positionAccuracy":4.9064412117004395,"positionSource":"corelocation","positionTimestamp":1695122564000.0},"pose":[0.0063087292946875095,0.028826527297496796,0.02121536061167717,-0.17765064537525177,-0.21902315318584442,-0.689280092716217,0.6673543453216553],"pose4x4":[-0.04615640640258789,-0.842168927192688,0.5372341871261597,0.0,0.9978073835372925,-0.013333559036254883,0.06482473015785217,0.0,-0.04743000864982605,0.539048433303833,0.8409382104873657,0.0,0.0063087292946875095,0.028826527297496796,0.02121536061167717,1.0],"resolution":[720,540],"sequence":24,"timestamp":1695122568.182,"tracking":2,"trackingReason":0},{"exposure":0.0,"image":"frame_00000025.jpg","intrinsics":[548.0982055664063,548.0982055664063,351.16015625,268.4847717285156,0.0],"location":{"altitude":112.61839294433594,"altitudeAccuracy":3.1227188110351563,"heading":327.47088623046875,"headingAccuracy":4.9064412117004395,"headingTimestamp":1695122564000.0,"latitude":51.4473762512207,"longitude":7.034886360168457,"positionAccuracy":4.9064412117004395,"positionSource":"corelocation","positionTimestamp":1695122564000.0},"pose":[0.008376767858862877,0.029863350093364716,0.021617617458105087,-0.1702927201986313,-0.22176921367645264,-0.6905183792114258,0.667086124420166],"pose4x4":[-0.0519944429397583,-0.8457390666007996,0.5310588479042053,0.0,0.9968017935752869,-0.011630535125732422,0.07907161116600037,0.0,-0.06069780886173248,0.5334712266921997,0.8436375856399536,0.0,0.008376767858862877,0.029863350093364716,0.021617617458105087,1.0],"resolution":[720,540],"sequence":25,"timestamp":1695122568.266,"tracking":2,"trackingReason":0},{"exposure":0.0,"image":"frame_00000026.jpg","intrinsics":[547.8785400390625,547.8785400390625,351.1460876464844,268.41192626953125,0.0],"location":{"altitude":112.61839294433594,"altitudeAccuracy":3.1227188110351563,"heading":327.47088623046875,"headingAccuracy":4.9064412117004395,"headingTimestamp":1695122564000.0,"latitude":51.4473762512207,"longitude":7.034886360168457,"positionAccuracy":4.9064412117004395,"positionSource":"corelocation","positionTimestamp":1695122564000.0},"pose":[0.014162333682179451,0.031217921525239944,0.021960146725177765,-0.16014304757118225,-0.22854425013065338,-0.6919457316398621,0.6658322215080261],"pose4x4":[-0.0620427131652832,-0.8482399582862854,0.5259648561477661,0.0,0.9946390986442566,-0.008869409561157227,0.10302361845970154,0.0,-0.08272364735603333,0.5295372009277344,0.8442434668540955,0.0,0.014162333682179451,0.031217921525239944,0.021960146725177765,1.0],"resolution":[720,540],"sequence":26,"timestamp":1695122568.366,"tracking":2,"trackingReason":0},{"exposure":0.0,"image":"frame_00000027.jpg","intrinsics":[547.8785400390625,547.8785400390625,351.0854187011719,268.4205017089844,0.0],"location":{"altitude":112.61839294433594,"altitudeAccuracy":3.1227188110351563,"heading":327.47088623046875,"headingAccuracy":4.9064412117004395,"headingTimestamp":1695122564000.0,"latitude":51.4473762512207,"longitude":7.034886360168457,"positionAccuracy":4.9064412117004395,"positionSource":"corelocation","positionTimestamp":1695122564000.0},"pose":[0.021048130467534065,0.032043833285570145,0.022051729261875153,-0.1490752100944519,-0.2380700409412384,-0.693037748336792,0.66392582654953],"pose4x4":[-0.07395732402801514,-0.8492706418037415,0.5227512121200562,0.0,0.9912319779396057,-0.005049467086791992,0.13203328847885132,0.0,-0.10949219763278961,0.5279328227043152,0.8421984910964966,0.0,0.021048130467534065,0.032043833285570145,0.022051729261875153,1.0],"resolution":[720,540],"sequence":27,"timestamp":1695122568.466,"tracking":2,"trackingReason":0},{"exposure":0.0,"image":"frame_00000028.jpg","intrinsics":[548.0982055664063,548.0982055664063,351.026611328125,268.3940734863281,0.0],"location":{"altitude":112.61839294433594,"altitudeAccuracy":3.1227188110351563,"heading":327.47088623046875,"headingAccuracy":4.9064412117004395,"headingTimestamp":1695122564000.0,"latitude":51.4473762512207,"longitude":7.034886360168457,"positionAccuracy":4.9064412117004395,"positionSource":"corelocation","positionTimestamp":1695122564000.0},"pose":[0.02827233076095581,0.03217969834804535,0.022504981607198715,-0.14108674228191376,-0.24755173921585083,-0.6940091848373413,0.6611841320991516],"pose4x4":[-0.0858612060546875,-0.8478831648826599,0.5231855511665344,0.0,0.9875882267951965,-0.003108382225036621,0.15703772008419037,0.0,-0.13152356445789337,0.530174970626831,0.8376253247261047,0.0,0.02827233076095581,0.03217969834804535,0.022504981607198715,1.0],"resolution":[720,540],"sequence":28,"timestamp":1695122568.549,"tracking":2,"trackingReason":0},{"exposure":0.0,"image":"frame_00000029.jpg","intrinsics":[547.4392700195313,547.4392700195313,351.0592956542969,268.36956787109375,0.0],"location":{"altitude":112.61839294433594,"altitudeAccuracy":3.1227188110351563,"heading":327.47088623046875,"headingAccuracy":4.9064412117004395,"headingTimestamp":1695122564000.0,"latitude":51.4473762512207,"longitude":7.034886360168457,"positionAccuracy":4.9064412117004395,"positionSource":"corelocation","positionTimestamp":1695122564000.0},"pose":[0.03528152033686638,0.031179875135421753,0.022997979074716568,-0.13384291529655457,-0.25856032967567444,-0.6954168677330017,0.6569840908050537],"pose4x4":[-0.10091614723205566,-0.8445427417755127,0.5258932709693909,0.0,0.9829685688018799,-0.003037095069885254,0.18374909460544586,0.0,-0.15358678996562958,0.5354797840118408,0.8304652571678162,0.0,0.03528152033686638,0.031179875135421753,0.022997979074716568,1.0],"resolution":[720,540],"sequence":29,"timestamp":1695122568.632,"tracking":2,"trackingReason":0},{"exposure":0.0,"image":"frame_00000030.jpg","intrinsics":[548.0982055664063,548.0982055664063,351.0200500488281,268.3819580078125,0.0],"location":{"altitude":112.61839294433594,"altitudeAccuracy":3.1227188110351563,"heading":327.47088623046875,"headingAccuracy":4.9064412117004395,"headingTimestamp":1695122564000.0,"latitude":51.4473762512207,"longitude":7.034886360168457,"positionAccuracy":4.9064412117004395,"positionSource":"corelocation","positionTimestamp":1695122564000.0},"pose":[0.041626911610364914,0.03004010021686554,0.024771079421043396,-0.1251751035451889,-0.26824042201042175,-0.6967138051986694,0.6534282565116882],"pose4x4":[-0.11472606658935547,-0.8433509469032288,0.5249742269515991,0.0,0.9776590466499329,-0.0021578073501586914,0.21018770337104797,0.0,-0.1761293113231659,0.5373594760894775,0.8247565031051636,0.0,0.041626911610364914,0.03004010021686554,0.024771079421043396,1.0],"resolution":[720,540],"sequence":30,"timestamp":1695122568.715,"tracking":2,"trackingReason":0},{"exposure":0.0,"image":"frame_00000031.jpg","intrinsics":[548.0982055664063,548.0982055664063,351.047607421875,268.3369445800781,0.0],"location":{"altitude":112.61839294433594,"altitudeAccuracy":3.1227188110351563,"heading":327.47088623046875,"headingAccuracy":4.9064412117004395,"headingTimestamp":1695122564000.0,"latitude":51.4473762512207,"longitude":7.034886360168457,"positionAccuracy":4.9064412117004395,"positionSource":"corelocation","positionTimestamp":1695122564000.0},"pose":[0.047915540635585785,0.03383839875459671,0.027530409395694733,-0.11701575666666031,-0.2782661020755768,-0.6978887319564819,0.6494817733764648],"pose4x4":[-0.128961443901062,-0.8414090275764465,0.5247855186462402,0.0,0.9716550707817078,-0.0014827251434326172,0.2363983392715454,0.0,-0.1981295645236969,0.5403967499732971,0.8177505731582642,0.0,0.047915540635585785,0.03383839875459671,0.027530409395694733,1.0],"resolution":[720,540],"sequence":31,"timestamp":1695122568.799,"tracking":2,"trackingReason":0},{"exposure":0.0,"image":"frame_00000032.jpg","intrinsics":[548.31787109375,548.31787109375,351.05914306640625,268.39764404296875,0.0],"location":{"altitude":112.61839294433594,"altitudeAccuracy":3.1227188110351563,"heading":327.47088623046875,"headingAccuracy":4.9064412117004395,"headingTimestamp":1695122564000.0,"latitude":51.4473762512207,"longitude":7.034886360168457,"positionAccuracy":4.9064412117004395,"positionSource":"corelocation","positionTimestamp":1695122564000.0},"pose":[0.057937316596508026,0.035310499370098114,0.03100048005580902,-0.1078120619058609,-0.28774601221084595,-0.6988921165466309,0.6458549499511719],"pose4x4":[-0.14249587059020996,-0.8407208919525146,0.522382378578186,0.0,0.964810848236084,-0.00014722347259521484,0.26294493675231934,0.0,-0.22098636627197266,0.5414687395095825,0.8111575841903687,0.0,0.057937316596508026,0.035310499370098114,0.03100048005580902,1.0],"resolution":[720,540],"sequence":32,"timestamp":1695122568.882,"tracking":2,"trackingReason":0},{"exposure":0.0,"image":"frame_00000033.jpg","intrinsics":[547.6588745117188,547.6588745117188,351.064208984375,268.3909912109375,0.0],"location":{"altitude":112.61839294433594,"altitudeAccuracy":3.1227188110351563,"heading":327.47088623046875,"headingAccuracy":4.9064412117004395,"headingTimestamp":1695122564000.0,"latitude":51.4473762512207,"longitude":7.034886360168457,"positionAccuracy":4.9064412117004395,"positionSource":"corelocation","positionTimestamp":1695122564000.0},"pose":[0.06734240800142288,0.03603760898113251,0.03426213562488556,-0.09888329356908798,-0.29825904965400696,-0.699700117111206,0.6416254639625549],"pose4x4":[-0.15707743167877197,-0.8389051556587219,0.5211185216903687,0.0,0.9568764567375183,0.0012837052345275879,0.2904917001724243,0.0,-0.2443639039993286,0.5442758798599243,0.8025273084640503,0.0,0.06734240800142288,0.03603760898113251,0.03426213562488556,1.0],"resolution":[720,540],"sequence":33,"timestamp":1695122568.965,"tracking":2,"trackingReason":0},{"exposure":0.0,"image":"frame_00000034.jpg","intrinsics":[547.8785400390625,547.8785400390625,351.0548095703125,268.3564147949219,0.0],"location":{"altitude":112.61839294433594,"altitudeAccuracy":3.1227188110351563,"heading":327.47088623046875,"headingAccuracy":4.9064412117004395,"headingTimestamp":1695122564000.0,"latitude":51.4473762512207,"longitude":7.034886360168457,"positionAccuracy":4.9064412117004395,"positionSource":"corelocation","positionTimestamp":1695122564000.0},"pose":[0.0768217146396637,0.03562000393867493,0.03772108256816864,-0.08960731327533722,-0.3077528178691864,-0.7006350159645081,0.637470543384552],"pose4x4":[-0.1712024211883545,-0.8381145596504211,0.5179307460784912,0.0,0.9484221339225769,0.0021622180938720703,0.31700074672698975,0.0,-0.26680266857147217,0.5454888343811035,0.794517457485199,0.0,0.0768217146396637,0.03562000393867493,0.03772108256816864,1.0],"resolution":[720,540],"sequence":34,"timestamp":1695122569.049,"tracking":2,"trackingReason":0},{"exposure":0.0,"image":"frame_00000035.jpg","intrinsics":[547.8785400390625,547.8785400390625,351.0638732910156,268.4512023925781,0.0],"location":{"altitude":112.61839294433594,"altitudeAccuracy":3.1227188110351563,"heading":327.47088623046875,"headingAccuracy":4.9064412117004395,"headingTimestamp":1695122564000.0,"latitude":51.4473762512207,"longitude":7.034886360168457,"positionAccuracy":4.9064412117004395,"positionSource":"corelocation","positionTimestamp":1695122564000.0},"pose":[0.08550188690423965,0.033807411789894104,0.04099234938621521,-0.08285850286483765,-0.31768059730529785,-0.7007763981819153,0.6333444118499756],"pose4x4":[-0.18401706218719482,-0.8350205421447754,0.5185330510139465,0.0,0.9403107166290283,0.004093825817108154,0.3402901887893677,0.0,-0.2862718999385834,0.5502020716667175,0.7844270467758179,0.0,0.08550188690423965,0.033807411789894104,0.04099234938621521,1.0],"resolution":[720,540],"sequence":35,"timestamp":1695122569.132,"tracking":2,"trackingReason":0},{"exposure":0.0,"image":"frame_00000036.jpg","intrinsics":[547.8785400390625,547.8785400390625,351.0987548828125,268.3995666503906,0.0],"location":{"altitude":112.61839294433594,"altitudeAccuracy":3.1227188110351563,"heading":327.47088623046875,"headingAccuracy":4.9064412117004395,"headingTimestamp":1695122564000.0,"latitude":51.4473762512207,"longitude":7.034886360168457,"positionAccuracy":4.9064412117004395,"positionSource":"corelocation","positionTimestamp":1695122564000.0},"pose":[0.09375115483999252,0.030780434608459473,0.04334534704685211,-0.07874446362257004,-0.3276541829109192,-0.7011268734931946,0.6283811926841736],"pose4x4":[-0.19787240028381348,-0.8295480012893677,0.5222032070159912,0.0,0.9327517747879028,0.004440784454345703,0.36049121618270874,0.0,-0.3013637363910675,0.5584173798561096,0.7728840708732605,0.0,0.09375115483999252,0.030780434608459473,0.04334534704685211,1.0],"resolution":[720,540],"sequence":36,"timestamp":1695122569.215,"tracking":2,"trackingReason":0},{"exposure":0.0,"image":"frame_00000037.jpg","intrinsics":[547.6588745117188,547.6588745117188,351.10772705078125,268.3909912109375,0.0],"location":{"altitude":112.61839294433594,"altitudeAccuracy":3.1227188110351563,"heading":327.47088623046875,"headingAccuracy":4.9064412117004395,"headingTimestamp":1695122564000.0,"latitude":51.4473762512207,"longitude":7.034886360168457,"positionAccuracy":4.9064412117004395,"positionSource":"corelocation","positionTimestamp":1695122564000.0},"pose":[0.10314679145812988,0.02785416692495346,0.044948700815439224,-0.07658857107162476,-0.3364732265472412,-0.7015843987464905,0.6234575510025024],"pose4x4":[-0.21086978912353516,-0.823276162147522,0.5270202159881592,0.0,0.9263561964035034,0.003827035427093506,0.3766292631626129,0.0,-0.3120868504047394,0.5676281452178955,0.7618399262428284,0.0,0.10314679145812988,0.02785416692495346,0.044948700815439224,1.0],"resolution":[720,540],"sequence":37,"timestamp":1695122569.299,"tracking":2,"trackingReason":0},{"exposure":0.0,"image":"frame_00000038.jpg","intrinsics":[547.4392700195313,547.4392700195313,351.2110595703125,268.3310241699219,0.0],"location":{"altitude":112.61839294433594,"altitudeAccuracy":3.1227188110351563,"heading":327.47088623046875,"headingAccuracy":4.9064412117004395,"headingTimestamp":1695122564000.0,"latitude":51.4473762512207,"longitude":7.034886360168457,"positionAccuracy":4.9064412117004395,"positionSource":"corelocation","positionTimestamp":1695122564000.0},"pose":[0.11117389798164368,0.025320827960968018,0.04711894318461418,-0.0764021947979927,-0.3450685739517212,-0.7007606625556946,0.6196973919868469],"pose4x4":[-0.2202756404876709,-0.815791130065918,0.534755527973175,0.0,0.921247124671936,0.006194412708282471,0.38892847299575806,0.0,-0.3205969035625458,0.5783134698867798,0.7501807808876038,0.0,0.11117389798164368,0.025320827960968018,0.04711894318461418,1.0],"resolution":[720,540],"sequence":38,"timestamp":1695122569.399,"tracking":2,"trackingReason":0},{"exposure":0.0,"image":"frame_00000039.jpg","intrinsics":[547.6588745117188,547.6588745117188,351.1777038574219,268.4424133300781,0.0],"location":{"altitude":112.61839294433594,"altitudeAccuracy":3.1227188110351563,"heading":327.47088623046875,"headingAccuracy":4.9064412117004395,"headingTimestamp":1695122564000.0,"latitude":51.4473762512207,"longitude":7.034886360168457,"positionAccuracy":4.9064412117004395,"positionSource":"corelocation","positionTimestamp":1695122564000.0},"pose":[0.10390610992908478,0.026885442435741425,0.0473678782582283,-0.07421152293682098,-0.35713425278663635,-0.7000874280929565,0.6138610243797302],"pose4x4":[-0.2353346347808838,-0.8065057992935181,0.5423706769943237,0.0,0.9125196933746338,0.008740484714508057,0.40893930196762085,0.0,