{"app":"com.DefaultCompany.Tutorial-Series-ARDK3-Meshing-AliveStudios","autofocus":1,"captureGroup":{"sequence":0,"uuid":"018aeb4d-0d15-7003-8058-816c0000ffff"},"coordinates":"opengl","depthSource":"none","duration":27.125,"formatVersion":"1","frameCount":299,"framerate":10.986175115207374,"frames":[{"exposure":0.0,"image":"frame_00000000.jpg","intrinsics":[548.31787109375,548.31787109375,350.26251220703125,268.2783203125,0.0],"location":{"altitude":110.60134887695313,"altitudeAccuracy":18.714868545532227,"heading":72.94186401367188,"headingAccuracy":35.0,"headingTimestamp":1696164806000.0,"latitude":51.446632385253906,"longitude":7.035022735595703,"positionAccuracy":35.0,"positionSource":"corelocation","positionTimestamp":1696164806000.0},"pose":[-0.09622068703174591,0.18646587431430817,0.3873055577278137,-0.0985179990530014,-0.18486987054347992,-0.7022976875305176,0.6803644895553589],"pose4x4":[-0.05479776859283447,-0.9192107915878296,0.3899357318878174,0.0,0.9920628070831299,-0.005855679512023926,0.1256110668182373,0.0,-0.11317987740039825,0.39372366666793823,0.9122346639633179,0.0,-0.09622068703174591,0.18646587431430817,0.3873055577278137,1.0],"resolution":[720,540],"sequence":0,"timestamp":1696164810.0,"tracking":2,"trackingReason":0},{"exposure":0.0,"image":"frame_00000001.jpg","intrinsics":[548.5375366210938,548.5375366210938,350.1571044921875,268.5304260253906,0.0],"location":{"altitude":110.60134887695313,"altitudeAccuracy":18.714868545532227,"heading":72.94186401367188,"headingAccuracy":35.0,"headingTimestamp":1696164806000.0,"latitude":51.446632385253906,"longitude":7.035022735595703,"positionAccuracy":35.0,"positionSource":"corelocation","positionTimestamp":1696164806000.0},"pose":[-0.09717582911252975,0.18579652905464172,0.3895685076713562,-0.0988675132393837,-0.1834729164838791,-0.7026172876358032,0.6803611516952515],"pose4x4":[-0.054666757583618164,-0.9197880029678345,0.38858774304389954,0.0,0.9923460483551025,-0.006891727447509766,0.1232912540435791,0.0,-0.11072364449501038,0.39235371351242065,0.9131258130073547,0.0,-0.09717582911252975,0.18579652905464172,0.3895685076713562,1.0],"resolution":[720,540],"sequence":1,"timestamp":1696164810.1,"tracking":2,"trackingReason":0},{"exposure":0.0,"image":"frame_00000002.jpg","intrinsics":[548.7571411132813,548.7571411132813,350.177734375,268.44091796875,0.0],"location":{"altitude":110.60134887695313,"altitudeAccuracy":18.714868545532227,"heading":72.94186401367188,"headingAccuracy":35.0,"headingTimestamp":1696164806000.0,"latitude":51.446632385253906,"longitude":7.035022735595703,"positionAccuracy":35.0,"positionSource":"corelocation","positionTimestamp":1696164806000.0},"pose":[-0.09834073483943939,0.18528199195861816,0.39157065749168396,-0.09797292947769165,-0.18676543235778809,-0.7023799419403076,0.6798397898674011],"pose4x4":[-0.05643784999847412,-0.9184157252311707,0.391569584608078,0.0,0.9916076064109802,-0.005872488021850586,0.12914878129959106,0.0,-0.11631271243095398,0.39557236433029175,0.9110399484634399,0.0,-0.09834073483943939,0.18528199195861816,0.39157065749168396,1.0],"resolution":[720,540],"sequence":2,"timestamp":1696164810.2,"tracking":2,"trackingReason":0},{"exposure":0.0,"image":"frame_00000003.jpg","intrinsics":[548.7571411132813,548.7571411132813,350.2085876464844,268.48785400390625,0.0],"location":{"altitude":110.60134887695313,"altitudeAccuracy":18.714868545532227,"heading":72.94186401367188,"headingAccuracy":35.0,"headingTimestamp":1696164806000.0,"latitude":51.446632385253906,"longitude":7.035022735595703,"positionAccuracy":35.0,"positionSource":"corelocation","positionTimestamp":1696164806000.0},"pose":[-0.09855284541845322,0.18479721248149872,0.3933011591434479,-0.09683741629123688,-0.18618227541446686,-0.7037199139595032,0.6787760257720947],"pose4x4":[-0.059771060943603516,-0.919277548789978,0.38904494047164917,0.0,0.9913952350616455,-0.009198427200317383,0.13057851791381836,0.0,-0.11645929515361786,0.3935021758079529,0.9119173288345337,0.0,-0.09855284541845322,0.18479721248149872,0.3933011591434479,1.0],"resolution":[720,540],"sequence":3,"timestamp":1696164810.3,"tracking":2,"trackingReason":0},{"exposure":0.0,"image":"frame_00000004.jpg","intrinsics":[548.7571411132813,548.7571411132813,350.1299743652344,268.8084411621094,0.0],"location":{"altitude":110.60134887695313,"altitudeAccuracy":18.714868545532227,"heading":72.94186401367188,"headingAccuracy":35.0,"headingTimestamp":1696164806000.0,"latitude":51.446632385253906,"longitude":7.035022735595703,"positionAccuracy":35.0,"positionSource":"corelocation","positionTimestamp":1696164806000.0},"pose":[-0.09902425110340118,0.18397963047027588,0.3941096067428589,-0.09716585278511047,-0.18618939816951752,-0.7041919231414795,0.6782374382019043],"pose4x4":[-0.06110548973083496,-0.9190361499786377,0.38940805196762085,0.0,0.991401195526123,-0.010654926300048828,0.13042309880256653,0.0,-0.115714430809021,0.3940291702747345,0.9117845892906189,0.0,-0.09902425110340118,0.18397963047027588,0.3941096067428589,1.0],"resolution":[720,540],"sequence":4,"timestamp":1696164810.4,"tracking":2,"trackingReason":0},{"exposure":0.0,"image":"frame_00000005.jpg","intrinsics":[548.7571411132813,548.7571411132813,350.1537170410156,268.6203918457031,0.0],"location":{"altitude":110.60134887695313,"altitudeAccuracy":18.714868545532227,"heading":72.94186401367188,"headingAccuracy":35.0,"headingTimestamp":1696164806000.0,"latitude":51.446632385253906,"longitude":7.035022735595703,"positionAccuracy":35.0,"positionSource":"corelocation","positionTimestamp":1696164806000.0},"pose":[-0.09912718832492828,0.18306121230125427,0.39462515711784363,-0.09816082566976547,-0.18673653900623322,-0.7043852210044861,0.6777430176734924],"pose4x4":[-0.062058210372924805,-0.9181239008903503,0.3914048671722412,0.0,0.9914447665214539,-0.011588215827941895,0.13001328706741333,0.0,-0.11483271420001984,0.39612454175949097,0.9109878540039063,0.0,-0.09912718832492828,0.18306121230125427,0.39462515711784363,1.0],"resolution":[720,540],"sequence":5,"timestamp":1696164810.484,"tracking":2,"trackingReason":0},{"exposure":0.0,"image":"frame_00000006.jpg","intrinsics":[548.976806640625,548.976806640625,350.200927734375,268.59039306640625,0.0],"location":{"altitude":110.60134887695313,"altitudeAccuracy":18.714868545532227,"heading":72.94186401367188,"headingAccuracy":35.0,"headingTimestamp":1696164806000.0,"latitude":51.446632385253906,"longitude":7.035022735595703,"positionAccuracy":35.0,"positionSource":"corelocation","positionTimestamp":1696164806000.0},"pose":[-0.09895607829093933,0.1828794777393341,0.3959089517593384,-0.09875357151031494,-0.1858748197555542,-0.7048179507255554,0.6774435639381409],"pose4x4":[-0.06263566017150879,-0.9182372093200684,0.3910459876060486,0.0,0.9916603565216064,-0.013041257858276367,0.12821587920188904,0.0,-0.11263282597064972,0.39581575989723206,0.9113965630531311,0.0,-0.09895607829093933,0.1828794777393341,0.3959089517593384,1.0],"resolution":[720,540],"sequence":6,"timestamp":1696164810.583,"tracking":2,"trackingReason":0},{"exposure":0.0,"image":"frame_00000007.jpg","intrinsics":[548.976806640625,548.976806640625,350.15380859375,268.6632385253906,0.0],"location":{"altitude":110.60134887695313,"altitudeAccuracy":18.714868545532227,"heading":72.94186401367188,"headingAccuracy":35.0,"headingTimestamp":1696164806000.0,"latitude":51.446632385253906,"longitude":7.035022735595703,"positionAccuracy":35.0,"positionSource":"corelocation","positionTimestamp":1696164806000.0},"pose":[-0.09857177734375,0.18300338089466095,0.3975467383861542,-0.09853032976388931,-0.18439902365207672,-0.7055891752243042,0.677076518535614],"pose4x4":[-0.06371819972991943,-0.9191379547119141,0.3887483477592468,0.0,0.9918135404586792,-0.015128612518310547,0.1267947554588318,0.0,-0.1106606274843216,0.3936450481414795,0.9125775694847107,0.0,-0.09857177734375,0.18300338089466095,0.3975467383861542,1.0],"resolution":[720,540],"sequence":7,"timestamp":1696164810.683,"tracking":2,"trackingReason":0},{"exposure":0.0,"image":"frame_00000008.jpg","intrinsics":[548.5375366210938,548.5375366210938,350.2095031738281,268.564697265625,0.0],"location":{"altitude":110.60134887695313,"altitudeAccuracy":18.714868545532227,"heading":72.94186401367188,"headingAccuracy":35.0,"headingTimestamp":1696164806000.0,"latitude":51.446632385253906,"longitude":7.035022735595703,"positionAccuracy":35.0,"positionSource":"corelocation","positionTimestamp":1696164806000.0},"pose":[-0.0983840748667717,0.18292097747325897,0.3985442519187927,-0.09967654943466187,-0.18309877812862396,-0.7052516341209412,0.6776127815246582],"pose4x4":[-0.06181001663208008,-0.9192737340927124,0.38873422145843506,0.0,0.9922763109207153,-0.014630556106567383,0.12317720055580139,0.0,-0.10754604637622833,0.3933456242084503,0.9130788445472717,0.0,-0.0983840748667717,0.18292097747325897,0.3985442519187927,1.0],"resolution":[720,540],"sequence":8,"timestamp":1696164810.783,"tracking":2,"trackingReason":0},{"exposure":0.0,"image":"frame_00000009.jpg","intrinsics":[548.7571411132813,548.7571411132813,350.17572021484375,268.67608642578125,0.0],"location":{"altitude":110.60134887695313,"altitudeAccuracy":18.714868545532227,"heading":72.94186401367188,"headingAccuracy":35.0,"headingTimestamp":1696164806000.0,"latitude":51.446632385253906,"longitude":7.035022735595703,"positionAccuracy":35.0,"positionSource":"corelocation","positionTimestamp":1696164806000.0},"pose":[-0.09828950464725494,0.18340101838111877,0.40015465021133423,-0.09998194873332977,-0.18059206008911133,-0.7054365277290344,0.6780477166175842],"pose4x4":[-0.0605083703994751,-0.9205273389816284,0.3859618902206421,0.0,0.9927511215209961,-0.01527416706085205,0.11920741200447083,0.0,-0.10383822023868561,0.39037755131721497,0.9147802591323853,0.0,-0.09828950464725494,0.18340101838111877,0.40015465021133423,1.0],"resolution":[720,540],"sequence":9,"timestamp":1696164810.883,"tracking":2,"trackingReason":0},{"exposure":0.0,"image":"frame_00000010.jpg","intrinsics":[548.976806640625,548.976806640625,350.18389892578125,268.6418151855469,0.0],"location":{"altitude":110.60134887695313,"altitudeAccuracy":18.714868545532227,"heading":72.94186401367188,"headingAccuracy":35.0,"headingTimestamp":1696164806000.0,"latitude":51.446632385253906,"longitude":7.035022735595703,"positionAccuracy":35.0,"positionSource":"corelocation","positionTimestamp":1696164806000.0},"pose":[-0.09845577925443649,0.18433205783367157,0.40125343203544617,-0.10073196142911911,-0.17774246633052826,-0.705143392086029,0.6789941787719727],"pose4x4":[-0.057639122009277344,-0.9217678308486938,0.38343316316604614,0.0,0.9933851957321167,-0.014748215675354004,0.11387501657009125,0.0,-0.09931124746799469,0.3874606490135193,0.9165213704109192,0.0,-0.09845577925443649,0.18433205783367157,0.40125343203544617,1.0],"resolution":[720,540],"sequence":10,"timestamp":1696164810.983,"tracking":2,"trackingReason":0},{"exposure":0.0,"image":"frame_00000011.jpg","intrinsics":[548.976806640625,548.976806640625,350.1494140625,268.650390625,0.0],"location":{"altitude":110.60134887695313,"altitudeAccuracy":18.714868545532227,"heading":72.94186401367188,"headingAccuracy":35.0,"headingTimestamp":1696164806000.0,"latitude":51.446632385253906,"longitude":7.035022735595703,"positionAccuracy":35.0,"positionSource":"corelocation","positionTimestamp":1696164806000.0},"pose":[-0.09877444803714752,0.1849936544895172,0.4013144075870514,-0.10195966809988022,-0.1756475567817688,-0.704566478729248,0.6799546480178833],"pose4x4":[-0.05453193187713623,-0.9223285913467407,0.3825394809246063,0.0,0.993964433670044,-0.013619422912597656,0.10885486006736755,0.0,-0.09519001841545105,0.38616666197776794,0.9175043106079102,0.0,-0.09877444803714752,0.1849936544895172,0.4013144075870514,1.0],"resolution":[720,540],"sequence":11,"timestamp":1696164811.067,"tracking":2,"trackingReason":0},{"exposure":0.0,"image":"frame_00000012.jpg","intrinsics":[548.976806640625,548.976806640625,350.1607971191406,268.6994323730469,0.0],"location":{"altitude":110.60134887695313,"altitudeAccuracy":18.714868545532227,"heading":72.94186401367188,"headingAccuracy":35.0,"headingTimestamp":1696164806000.0,"latitude":51.446632385253906,"longitude":7.035022735595703,"positionAccuracy":35.0,"positionSource":"corelocation","positionTimestamp":1696164806000.0},"pose":[-0.09905905276536942,0.18563753366470337,0.401840478181839,-0.10247766226530075,-0.17369654774665833,-0.7044988870620728,0.680448055267334],"pose4x4":[-0.0529782772064209,-0.9231497645378113,0.38077375292778015,0.0,0.9943497776985168,-0.013640642166137695,0.10527658462524414,0.0,-0.09199216961860657,0.38419950008392334,0.9186556935310364,0.0,-0.09905905276536942,0.18563753366470337,0.401840478181839,1.0],"resolution":[720,540],"sequence":12,"timestamp":1696164811.15,"tracking":2,"trackingReason":0},{"exposure":0.0,"image":"frame_00000013.jpg","intrinsics":[548.976806640625,548.976806640625,350.166259765625,268.6161193847656,0.0],"location":{"altitude":110.60134887695313,"altitudeAccuracy":18.714868545532227,"heading":72.94186401367188,"headingAccuracy":35.0,"headingTimestamp":1696164806000.0,"latitude":51.446632385253906,"longitude":7.035022735595703,"positionAccuracy":35.0,"positionSource":"corelocation","positionTimestamp":1696164806000.0},"pose":[-0.09913773089647293,0.18647468090057373,0.40257224440574646,-0.102606400847435,-0.17178793251514435,-0.7046234607696533,0.6807838678359985],"pose4x4":[-0.05201065540313721,-0.9241394400596619,0.3784986734390259,0.0,0.9946456551551819,-0.014044642448425293,0.10238604247570038,0.0,-0.0893031507730484,0.381797194480896,0.9199216365814209,0.0,-0.09913773089647293,0.18647468090057373,0.40257224440574646,1.0],"resolution":[720,540],"sequence":13,"timestamp":1696164811.233,"tracking":2,"trackingReason":0},{"exposure":0.0,"image":"frame_00000014.jpg","intrinsics":[548.7571411132813,548.7571411132813,350.1454162597656,268.67181396484375,0.0],"location":{"altitude":110.60134887695313,"altitudeAccuracy":18.714868545532227,"heading":72.94186401367188,"headingAccuracy":35.0,"headingTimestamp":1696164806000.0,"latitude":51.446632385253906,"longitude":7.035022735595703,"positionAccuracy":35.0,"positionSource":"corelocation","positionTimestamp":1696164806000.0},"pose":[-0.1004876047372818,0.18680235743522644,0.40323200821876526,-0.1028829962015152,-0.17005985975265503,-0.7041396498680115,0.6816763281822205],"pose4x4":[-0.04946601390838623,-0.9249981641769409,0.3767395615577698,0.0,0.9949831962585449,-0.012795090675354004,0.0992259681224823,0.0,-0.08696356415748596,0.3797575831413269,0.920989453792572,0.0,-0.1004876047372818,0.18680235743522644,0.40323200821876526,1.0],"resolution":[720,540],"sequence":14,"timestamp":1696164811.333,"tracking":2,"trackingReason":0},{"exposure":0.0,"image":"frame_00000015.jpg","intrinsics":[548.7571411132813,548.7571411132813,350.1499938964844,268.70989990234375,0.0],"location":{"altitude":110.60134887695313,"altitudeAccuracy":18.714868545532227,"heading":72.94186401367188,"headingAccuracy":35.0,"headingTimestamp":1696164806000.0,"latitude":51.446632385253906,"longitude":7.035022735595703,"positionAccuracy":35.0,"positionSource":"corelocation","positionTimestamp":1696164806000.0},"pose":[-0.10139395296573639,0.1868514120578766,0.4042104184627533,-0.10257787257432938,-0.16863711178302765,-0.7040145397186279,0.6822044849395752],"pose4x4":[-0.048149824142456055,-0.9259669184684753,0.3745226263999939,0.0,0.9951606392860413,-0.012317419052124023,0.09748777747154236,0.0,-0.08565735816955566,0.377404123544693,0.9220786094665527,0.0,-0.10139395296573639,0.1868514120578766,0.4042104184627533,1.0],"resolution":[720,540],"sequence":15,"timestamp":1696164811.417,"tracking":2,"trackingReason":0},{"exposure":0.0,"image":"frame_00000016.jpg","intrinsics":[548.976806640625,548.976806640625,350.11053466796875,268.67132568359375,0.0],"location":{"altitude":110.60134887695313,"altitudeAccuracy":18.714868545532227,"heading":72.94186401367188,"headingAccuracy":35.0,"headingTimestamp":1696164806000.0,"latitude":51.446632385253906,"longitude":7.035022735595703,"positionAccuracy":35.0,"positionSource":"corelocation","positionTimestamp":1696164806000.0},"pose":[-0.10320121049880981,0.18730658292770386,0.40560227632522583,-0.10269252955913544,-0.167206808924675,-0.7038851976394653,0.6826722621917725],"pose4x4":[-0.04682493209838867,-0.9267040491104126,0.37286239862442017,0.0,0.9953875541687012,-0.012000203132629395,0.09517811238765717,0.0,-0.0837273895740509,0.3755995035171509,0.9229922294616699,0.0,-0.10320121049880981,0.18730658292770386,0.40560227632522583,1.0],"resolution":[720,540],"sequence":16,"timestamp":1696164811.517,"tracking":2,"trackingReason":0},{"exposure":0.0,"image":"frame_00000017.jpg","intrinsics":[548.976806640625,548.976806640625,350.12738037109375,268.62896728515625,0.0],"location":{"altitude":110.60134887695313,"altitudeAccuracy":18.714868545532227,"heading":72.94186401367188,"headingAccuracy":35.0,"headingTimestamp":1696164806000.0,"latitude":51.446632385253906,"longitude":7.035022735595703,"positionAccuracy":35.0,"positionSource":"corelocation","positionTimestamp":1696164806000.0},"pose":[-0.10486810654401779,0.18728263676166534,0.40671366453170776,-0.10315092653036118,-0.16588236391544342,-0.7040022611618042,0.6828053593635559],"pose4x4":[-0.04627227783203125,-0.9271712303161621,0.37176769971847534,0.0,0.9956148862838745,-0.012518525123596191,0.09269911050796509,0.0,-0.08129376173019409,0.3744271397590637,0.9236858487129211,0.0,-0.10486810654401779,0.18728263676166534,0.40671366453170776,1.0],"resolution":[720,540],"sequence":17,"timestamp":1696164811.616,"tracking":2,"trackingReason":0},{"exposure":0.0,"image":"frame_00000018.jpg","intrinsics":[548.7571411132813,548.7571411132813,350.09759521484375,268.67559814453125,0.0],"location":{"altitude":110.60134887695313,"altitudeAccuracy":18.714868545532227,"heading":72.94186401367188,"headingAccuracy":35.0,"headingTimestamp":1696164806000.0,"latitude":51.446632385253906,"longitude":7.035022735595703,"positionAccuracy":35.0,"positionSource":"corelocation","positionTimestamp":1696164806000.0},"pose":[-0.10711570829153061,0.18736201524734497,0.4075133800506592,-0.10369442403316498,-0.1652543842792511,-0.7035494446754456,0.6833425164222717],"pose4x4":[-0.04458165168762207,-0.9272586107254028,0.37175899744033813,0.0,0.9958024024963379,-0.011468768119812012,0.09081165492534637,0.0,-0.07994237542152405,0.37424689531326294,0.9238768815994263,0.0,-0.10711570829153061,0.18736201524734497,0.4075133800506592,1.0],"resolution":[720,540],"sequence":18,"timestamp":1696164811.716,"tracking":2,"trackingReason":0},{"exposure":0.0,"image":"frame_00000019.jpg","intrinsics":[548.7571411132813,548.7571411132813,350.11016845703125,268.63714599609375,0.0],"location":{"altitude":110.60134887695313,"altitudeAccuracy":18.714868545532227,"heading":72.94186401367188,"headingAccuracy":35.0,"headingTimestamp":1696164806000.0,"latitude":51.446632385253906,"longitude":7.035022735595703,"positionAccuracy":35.0,"positionSource":"corelocation","positionTimestamp":1696164806000.0},"pose":[-0.10843895375728607,0.18698114156723022,0.40865397453308105,-0.10408236086368561,-0.1645369529724121,-0.7034432291984558,0.6835657954216003],"pose4x4":[-0.04380953311920166,-0.9274486899375916,0.3713757395744324,0.0,0.9959502816200256,-0.011330962181091309,0.0891905277967453,0.0,-0.07851161062717438,0.3737791180610657,0.9241889119148254,0.0,-0.10843895375728607,0.18698114156723022,0.40865397453308105,1.0],"resolution":[720,540],"sequence":19,"timestamp":1696164811.816,"tracking":2,"trackingReason":0},{"exposure":0.0,"image":"frame_00000020.jpg","intrinsics":[548.976806640625,548.976806640625,350.1268005371094,268.5775451660156,0.0],"location":{"altitude":110.60134887695313,"altitudeAccuracy":18.714868545532227,"heading":72.94186401367188,"headingAccuracy":35.0,"headingTimestamp":1696164806000.0,"latitude":51.446632385253906,"longitude":7.035022735595703,"positionAccuracy":35.0,"positionSource":"corelocation","positionTimestamp":1696164806000.0},"pose":[-0.10955143719911575,0.18652117252349854,0.40894776582717896,-0.10538164526224136,-0.16462066769599915,-0.7029845118522644,0.683817982673645],"pose4x4":[-0.042574405670166016,-0.9267309308052063,0.37330448627471924,0.0,0.9961228966712952,-0.01058506965637207,0.08732782304286957,0.0,-0.07697781920433044,0.37557530403137207,0.9235894680023193,0.0,-0.10955143719911575,0.18652117252349854,0.40894776582717896,1.0],"resolution":[720,540],"sequence":20,"timestamp":1696164811.916,"tracking":2,"trackingReason":0},{"exposure":0.0,"image":"frame_00000021.jpg","intrinsics":[548.7571411132813,548.7571411132813,350.12249755859375,268.5818176269531,0.0],"location":{"altitude":110.60134887695313,"altitudeAccuracy":18.714868545532227,"heading":72.94186401367188,"headingAccuracy":35.0,"headingTimestamp":1696164806000.0,"latitude":51.446632385253906,"longitude":7.035022735595703,"positionAccuracy":35.0,"positionSource":"corelocation","positionTimestamp":1696164806000.0},"pose":[-0.11011135578155518,0.18508625030517578,0.4092128574848175,-0.10691440850496292,-0.16528210043907166,-0.7027577757835388,0.683653712272644],"pose4x4":[-0.04237329959869385,-0.9255438446998596,0.37626129388809204,0.0,0.996228039264679,-0.010598421096801758,0.08612170815467834,0.0,-0.07572157680988312,0.37849143147468567,0.9225022792816162,0.0,-0.11011135578155518,0.18508625030517578,0.4092128574848175,1.0],"resolution":[720,540],"sequence":21,"timestamp":1696164812.016,"tracking":2,"trackingReason":0},{"exposure":0.0,"image":"frame_00000022.jpg","intrinsics":[548.976806640625,548.976806640625,350.14385986328125,268.5518493652344,0.0],"location":{"altitude":110.60134887695313,"altitudeAccuracy":18.714868545532227,"heading":72.94186401367188,"headingAccuracy":35.0,"headingTimestamp":1696164806000.0,"latitude":51.446632385253906,"longitude":7.035022735595703,"positionAccuracy":35.0,"positionSource":"corelocation","positionTimestamp":1696164806000.0},"pose":[-0.10904679447412491,0.18408796191215515,0.40931493043899536,-0.10816927999258041,-0.1664751023054123,-0.702582597732544,0.6833471059799194],"pose4x4":[-0.04267251491546631,-0.9242005944252014,0.37951624393463135,0.0,0.9962305426597595,-0.010645747184753418,0.08609068393707275,0.0,-0.07552485167980194,0.3817593455314636,0.9211708903312683,0.0,-0.10904679447412491,0.18408796191215515,0.40931493043899536,1.0],"resolution":[720,540],"sequence":22,"timestamp":1696164812.1,"tracking":2,"trackingReason":0},{"exposure":0.0,"image":"frame_00000023.jpg","intrinsics":[548.7571411132813,548.7571411132813,350.12677001953125,268.5746765136719,0.0],"location":{"altitude":110.60134887695313,"altitudeAccuracy":18.714868545532227,"heading":72.94186401367188,"headingAccuracy":35.0,"headingTimestamp":1696164806000.0,"latitude":51.446632385253906,"longitude":7.035022735595703,"positionAccuracy":35.0,"positionSource":"corelocation","positionTimestamp":1696164806000.0},"pose":[-0.10823787748813629,0.18300680816173553,0.4088745415210724,-0.10897982120513916,-0.16835418343544006,-0.7021692395210266,0.6831822395324707],"pose4x4":[-0.042769551277160645,-0.922724723815918,0.3830777406692505,0.0,0.9961135387420654,-0.009836435317993164,0.08752010762691498,0.0,-0.07698862254619598,0.3853324055671692,0.9195605516433716,0.0,-0.10823787748813629,0.18300680816173553,0.4088745415210724,1.0],"resolution":[720,540],"sequence":23,"timestamp":1696164812.183,"tracking":2,"trackingReason":0},{"exposure":0.0,"image":"frame_00000024.jpg","intrinsics":[548.976806640625,548.976806640625,350.14422607421875,268.58612060546875,0.0],"location":{"altitude":110.60134887695313,"altitudeAccuracy":18.714868545532227,"heading":72.94186401367188,"headingAccuracy":35.0,"headingTimestamp":1696164806000.0,"latitude":51.446632385253906,"longitude":7.035022735595703,"positionAccuracy":35.0,"positionSource":"corelocation","positionTimestamp":1696164806000.0},"pose":[-0.106769859790802,0.18195270001888275,0.4085843861103058,-0.10914887487888336,-0.17030306160449982,-0.7022185921669006,0.6826220750808716],"pose4x4":[-0.044228196144104004,-0.9215230345726013,0.38579800724983215,0.0,0.9958766102790833,-0.010048866271972656,0.09016509354114532,0.0,-0.07921251654624939,0.3881947994232178,0.9181667566299438,0.0,-0.106769859790802,0.18195270001888275,0.4085843861103058,1.0],"resolution":[720,540],"sequence":24,"timestamp":1696164812.266,"tracking":2,"trackingReason":0},{"exposure":0.0,"image":"frame_00000025.jpg","intrinsics":[548.7571411132813,548.7571411132813,350.1522521972656,268.5496826171875,0.0],"location":{"altitude":110.60134887695313,"altitudeAccuracy":18.714868545532227,"heading":72.94186401367188,"headingAccuracy":35.0,"headingTimestamp":1696164806000.0,"latitude":51.446632385253906,"longitude":7.035022735595703,"positionAccuracy":35.0,"positionSource":"corelocation","positionTimestamp":1696164806000.0},"pose":[-0.10551896691322327,0.18081526458263397,0.4085865020751953,-0.10888748615980148,-0.1735725849866867,-0.7021133303642273,0.6819477081298828],"pose4x4":[-0.04618120193481445,-0.9198094010353088,0.3896375596523285,0.0,0.9954089522361755,-0.009639263153076172,0.09522411227226257,0.0,-0.08383214473724365,0.39224639534950256,0.9160321354866028,0.0,-0.10551896691322327,0.18081526458263397,0.4085865020751953,1.0],"resolution":[720,540],"sequence":25,"timestamp":1696164812.366,"tracking":2,"trackingReason":0},{"exposure":0.0,"image":"frame_00000026.jpg","intrinsics":[548.7571411132813,548.7571411132813,350.1705322265625,268.5689697265625,0.0],"location":{"altitude":110.60134887695313,"altitudeAccuracy":18.714868545532227,"heading":72.94186401367188,"headingAccuracy":35.0,"headingTimestamp":1696164806000.0,"latitude":51.446632385253906,"longitude":7.035022735595703,"positionAccuracy":35.0,"positionSource":"corelocation","positionTimestamp":1696164806000.0},"pose":[-0.10475984960794449,0.1796276718378067,0.4092176854610443,-0.10791972279548645,-0.176671102643013,-0.7015947103500366,0.6818397641181946],"pose4x4":[-0.046895623207092285,-0.9186177253723145,0.3923545777797699,0.0,0.9948829412460327,-0.00776362419128418,0.10073509812355042,0.0,-0.08949095010757446,0.3950709402561188,0.9142813086509705,0.0,-0.10475984960794449,0.1796276718378067,0.4092176854610443,1.0],"resolution":[720,540],"sequence":26,"timestamp":1696164812.45,"tracking":2,"trackingReason":0},{"exposure":0.0,"image":"frame_00000027.jpg","intrinsics":[548.7571411132813,548.7571411132813,350.20501708984375,268.5518493652344,0.0],"location":{"altitude":110.60134887695313,"altitudeAccuracy":18.714868545532227,"heading":72.94186401367188,"headingAccuracy":35.0,"headingTimestamp":1696164806000.0,"latitude":51.446632385253906,"longitude":7.035022735595703,"positionAccuracy":35.0,"positionSource":"corelocation","positionTimestamp":1696164806000.0},"pose":[-0.10378458350896835,0.1783294975757599,0.4097326397895813,-0.10650856792926788,-0.1798602044582367,-0.701131284236908,0.6817041039466858],"pose4x4":[-0.04786956310272217,-0.9176148176193237,0.3945758640766144,0.0,0.99424147605896,-0.005858302116394043,0.1069965809583664,0.0,-0.09586989879608154,0.39742588996887207,0.9126124382019043,0.0,-0.10378458350896835,0.1783294975757599,0.4097326397895813,1.0],"resolution":[720,540],"sequence":27,"timestamp":1696164812.533,"tracking":2,"trackingReason":0},{"exposure":0.0,"image":"frame_00000028.jpg","intrinsics":[548.7571411132813,548.7571411132813,350.1962585449219,268.54327392578125,0.0],"location":{"altitude":110.60134887695313,"altitudeAccuracy":18.714868545532227,"heading":72.94186401367188,"headingAccuracy":35.0,"headingTimestamp":1696164806000.0,"latitude":51.446632385253906,"longitude":7.035022735595703,"positionAccuracy":35.0,"positionSource":"corelocation","positionTimestamp":1696164806000.0},"pose":[-0.1021214947104454,0.17746250331401825,0.4107629060745239,-0.10461878031492233,-0.18398922681808472,-0.7009750008583069,0.6810559630393982],"pose4x4":[-0.05043590068817139,-0.9163089394569397,0.39728420972824097,0.0,0.9933038353919983,-0.004622101783752441,0.1154412031173706,0.0,-0.10394363105297089,0.40044617652893066,0.9104057550430298,0.0,-0.1021214947104454,0.17746250331401825,0.4107629060745239,1.0],"resolution":[720,540],"sequence":28,"timestamp":1696164812.633,"tracking":2,"trackingReason":0},{"exposure":0.0,"image":"frame_00000029.jpg","intrinsics":[548.7571411132813,548.7571411132813,350.1873779296875,268.5346984863281,0.0],"location":{"altitude":110.60134887695313,"altitudeAccuracy":18.714868545532227,"heading":72.94186401367188,"headingAccuracy":35.0,"headingTimestamp":1696164806000.0,"latitude":51.446632385253906,"longitude":7.035022735595703,"positionAccuracy":35.0,"positionSource":"corelocation","positionTimestamp":1696164806000.0},"pose":[-0.10060804337263107,0.17704886198043823,0.4125499427318573,-0.10227753221988678,-0.187771275639534,-0.7010191082954407,0.6803329586982727],"pose4x4":[-0.05337166786193848,-0.9154432415962219,0.39889097213745117,0.0,0.9922624230384827,-0.0037769079208374023,0.12409695982933044,0.0,-0.11209696531295776,0.4024280607700348,0.9085625410079956,0.0,-0.10060804337263107,0.17704886198043823,0.4125499427318573,1.0],"resolution":[720,540],"sequence":29,"timestamp":1696164812.733,"tracking":2,"trackingReason":0},{"exposure":0.0,"image":"frame_00000030.jpg","intrinsics":[548.7571411132813,548.7571411132813,350.1921691894531,268.5818176269531,0.0],"location":{"altitude":110.60134887695313,"altitudeAccuracy":18.714868545532227,"heading":72.94186401367188,"headingAccuracy":35.0,"headingTimestamp":1696164806000.0,"latitude":51.446632385253906,"longitude":7.035022735595703,"positionAccuracy":35.0,"positionSource":"corelocation","positionTimestamp":1696164806000.0},"pose":[-0.10001938045024872,0.17704558372497559,0.4146077334880829,-0.10012093931436539,-0.19141212105751038,-0.7010419964790344,0.6796159148216248],"pose4x4":[-0.05619692802429199,-0.9145498871803284,0.4005514085292816,0.0,0.9912073016166687,-0.0029681921005249023,0.13228830695152283,0.0,-0.11979547142982483,0.40446344017982483,0.9066743850708008,0.0,-0.10001938045024872,0.17704558372497559,0.4146077334880829,1.0],"resolution":[720,540],"sequence":30,"timestamp":1696164812.833,"tracking":2,"trackingReason":0},{"exposure":0.0,"image":"frame_00000031.jpg","intrinsics":[548.7571411132813,548.7571411132813,350.21380615234375,268.5603942871094,0.0],"location":{"altitude":110.60134887695313,"altitudeAccuracy":18.714868545532227,"heading":72.94186401367188,"headingAccuracy":35.0,"headingTimestamp":1696164806000.0,"latitude":51.446632385253906,"longitude":7.035022735595703,"positionAccuracy":35.0,"positionSource":"corelocation","positionTimestamp":1696164806000.0},"pose":[-0.09925591945648193,0.17707109451293945,0.4164835214614868,-0.09874702244997025,-0.19512590765953064,-0.7008940577507019,0.6789125204086304],"pose4x4":[-0.05865323543548584,-0.9131553173065186,0.4033692479133606,0.0,0.9902276992797852,-0.0020068883895874023,0.1394439935684204,0.0,-0.1265244483947754,0.4076063632965088,0.9043498039245605,0.0,-0.09925591945648193,0.17707109451293945,0.4164835214614868,1.0],"resolution":[720,540],"sequence":31,"timestamp":1696164812.933,"tracking":2,"trackingReason":0},{"exposure":0.0,"image":"frame_00000032.jpg","intrinsics":[548.976806640625,548.976806640625,350.2352294921875,268.5389709472656,0.0],"location":{"altitude":110.60134887695313,"altitudeAccuracy":18.714868545532227,"heading":72.94186401367188,"headingAccuracy":35.0,"headingTimestamp":1696164806000.0,"latitude":51.446632385253906,"longitude":7.035022735595703,"positionAccuracy":35.0,"positionSource":"corelocation","positionTimestamp":1696164806000.0},"pose":[-0.09842478483915329,0.17715425789356232,0.4181234538555145,-0.09689465165138245,-0.19906356930732727,-0.7009751796722412,0.6779521107673645],"pose4x4":[-0.061985015869140625,-0.9118788242340088,0.40575262904167175,0.0,0.9890315532684326,-0.001509547233581543,0.1476973593235016,0.0,-0.13406965136528015,0.4104571044445038,0.9019702672958374,0.0,-0.09842478483915329,0.17715425789356232,0.4181234538555145,1.0],"resolution":[720,540],"sequence":32,"timestamp":1696164813.033,"tracking":2,"trackingReason":0},{"exposure":0.0,"image":"frame_00000033.jpg","intrinsics":[548.7571411132813,548.7571411132813,350.24786376953125,268.50946044921875,0.0],"location":{"altitude":110.60134887695313,"altitudeAccuracy":18.714868545532227,"heading":72.94186401367188,"headingAccuracy":35.0,"headingTimestamp":1696164806000.0,"latitude":51.446632385253906,"longitude":7.035022735595703,"positionAccuracy":35.0,"positionSource":"corelocation","positionTimestamp":1696164806000.0},"pose":[-0.09783801436424255,0.17697878181934357,0.419097363948822,-0.09497348219156265,-0.20386895537376404,-0.7013408541679382,0.6764160394668579],"pose4x4":[-0.06688308715820313,-0.9100720882415771,0.40901803970336914,0.0,0.987520694732666,-0.0017979145050048828,0.15748009085655212,0.0,-0.14258289337158203,0.4144464433193207,0.8988349437713623,0.0,-0.09783801436424255,0.17697878181934357,0.419097363948822,1.0],"resolution":[720,540],"sequence":33,"timestamp":1696164813.133,"tracking":2,"trackingReason":0},{"exposure":0.0,"image":"frame_00000034.jpg","intrinsics":[548.976806640625,548.976806640625,350.2698059082031,268.5304260253906,0.0],"location":{"altitude":110.60134887695313,"altitudeAccuracy":18.714868545532227,"heading":72.94186401367188,"headingAccuracy":35.0,"headingTimestamp":1696164806000.0,"latitude":51.446632385253906,"longitude":7.035022735595703,"positionAccuracy":35.0,"positionSource":"corelocation","positionTimestamp":1696164806000.0},"pose":[-0.09700179100036621,0.1762639880180359,0.4194866716861725,-0.09348081797361374,-0.20787526667118073,-0.7016057968139648,0.6751287579536438],"pose4x4":[-0.07092559337615967,-0.9084838032722473,0.4118584990501404,0.0,0.9862131476402283,-0.001978635787963867,0.16546979546546936,0.0,-0.14951175451278687,0.4179161489009857,0.8960984349250793,0.0,-0.09700179100036621,0.1762639880180359,0.4194866716861725,1.0],"resolution":[720,540],"sequence":34,"timestamp":1696164813.216,"tracking":2,"trackingReason":0},{"exposure":0.0,"image":"frame_00000035.jpg","intrinsics":[548.7571411132813,548.7571411132813,350.27862548828125,268.5461120605469,0.0],"location":{"altitude":110.60134887695313,"altitudeAccuracy":18.714868545532227,"heading":72.94186401367188,"headingAccuracy":35.0,"headingTimestamp":1696164806000.0,"latitude":51.446632385253906,"longitude":7.035022735595703,"positionAccuracy":35.0,"positionSource":"corelocation","positionTimestamp":1696164806000.0},"pose":[-0.09562673419713974,0.17465758323669434,0.41990578174591064,-0.09285510331392288,-0.21125756204128265,-0.7019141316413879,0.6738432049751282],"pose4x4":[-0.07462644577026367,-0.9067274928092957,0.4150615632534027,0.0,0.9851928353309631,-0.0026110410690307617,0.17142978310585022,0.0,-0.15435633063316345,0.4217089116573334,0.8934963345527649,0.0,-0.09562673419713974,0.17465758323669434,0.41990578174591064,1.0],"resolution":[720,540],"sequence":35,"timestamp":1696164813.299,"tracking":2,"trackingReason":0},{"exposure":0.0,"image":"frame_00000036.jpg","intrinsics":[548.7571411132813,548.7571411132813,350.287109375,268.5309143066406,0.0],"location":{"altitude":110.60134887695313,"altitudeAccuracy":18.714868545532227,"heading":72.94186401367188,"headingAccuracy":35.0,"headingTimestamp":1696164806000.0,"latitude":51.446632385253906,"longitude":7.035022735595703,"positionAccuracy":35.0,"positionSource":"corelocation","positionTimestamp":1696164806000.0},"pose":[-0.09436088055372238,0.17329886555671692,0.42047491669654846,-0.09243069589138031,-0.21483643352985382,-0.702186107635498,0.6724852919578552],"pose4x4":[-0.07844007015228271,-0.9047046899795532,0.41875576972961426,0.0,0.9841346740722656,-0.0032175779342651367,0.17739373445510864,0.0,-0.15914158523082733,0.4260268807411194,0.89060378074646,0.0,-0.09436088055372238,0.17329886555671692,0.42047491669654846,1.0],"resolution":[720,540],"sequence":36,"timestamp":1696164813.383,"tracking":2,"trackingReason":0},{"exposure":0.0,"image":"frame_00000037.jpg","intrinsics":[548.5375366210938,548.5375366210938,350.3180236816406,268.5775451660156,0.0],"location":{"altitude":110.60134887695313,"altitudeAccuracy":18.714868545532227,"heading":72.94186401367188,"headingAccuracy":35.0,"headingTimestamp":1696164806000.0,"latitude":51.446632385253906,"longitude":7.035022735595703,"positionAccuracy":35.0,"positionSource":"corelocation","positionTimestamp":1696164806000.0},"pose":[-0.0931517705321312,0.1718468815088272,0.42093002796173096,-0.09260635077953339,-0.21809062361717224,-0.7024543285369873,0.6711322069168091],"pose4x4":[-0.08201122283935547,-0.902486264705658,0.4228387475013733,0.0,0.9832726120948792,-0.004036068916320801,0.18209519982337952,0.0,-0.1626318097114563,0.4306996166706085,0.887721061706543,0.0,-0.0931517705321312,0.1718468815088272,0.42093002796173096,1.0],"resolution":[720,540],"sequence":37,"timestamp":1696164813.466,"tracking":2,"trackingReason":0},{"exposure":0.0,"image":"frame_00000038.jpg","intrinsics":[548.976806640625,548.976806640625,350.34454345703125,268.57794189453125,0.0],"location":{"altitude":110.60134887695313,"altitudeAccuracy":18.714868545532227,"heading":72.94186401367188,"headingAccuracy":35.0,"headingTimestamp":1696164806000.0,"latitude":51.446632385253906,"longitude":7.035022735595703,"positionAccuracy":35.0,"positionSource":"corelocation","positionTimestamp":1696164806000.0},"pose":[-0.09144121408462524,0.17029748857021332,0.4223879277706146,-0.09316807240247726,-0.22119514644145966,-0.7028034925460815,0.6696714758872986],"pose4x4":[-0.08572006225585938,-0.9000782370567322,0.4272138476371765,0.0,0.982511579990387,-0.00522613525390625,0.18612945079803467,0.0,-0.1652984619140625,0.43569743633270264,0.8847848176956177,0.0,-0.09144121408462524,0.17029748857021332,0.4223879277706146,1.0],"resolution":[720,540],"sequence":38,"timestamp":1696164813.566,"tracking":2,"trackingReason":0},{"exposure":0.0,"image":"frame_00000039.jpg","intrinsics":[548.976806640625,548.976806640625,350.36474609375,268.49664306640625,0.0],"location":{"altitude":110.60134887695313,"altitudeAccuracy":18.714868545532227,"heading":72.94186401367188,"headingAccuracy":35.0,"headingTimestamp":1696164806000.0,"latitude":51.446632385253906,"longitude":7.035022735595703,"positionAccuracy":35.0,"positionSource":"corelocation","positionTimestamp":1696164806000.0},"pose":[-0.09049808979034424,0.1686142086982727,0.42391437292099,-0.09370873868465424,-0.22407037019729614,-0.7030566334724426,0.6683735251426697],"pose4x4":[-0.08899235725402832,-0.8978142142295837,0.43129050731658936,0.0,0.9818035960197449,-0.006139874458312988,0.18980345129966736,0.0,-0.16776031255722046,0.44033321738243103,0.8820222616195679,0.0,-0.09049808979034424,0.1686142086982727,0.42391437292099,1.0],"resolution":[720,540],"sequence":39,"timestamp":1696164813.666,"tracking":2,"trackingReason":0},{"exposure":0.0,"image":"frame_00000040.jpg","intrinsics":[548.7571411132813,548.7571411132813,350.3955383300781,268.49237060546875,0.0],"location":{"altitude":110.60134887695313,"altitudeAccuracy":18.714868545532227,"heading":72.94186401367188,"headingAccuracy":35.0,"headingTimestamp":1696164806000.0,"latitude":51.446632385253906,"longitude":7.035022735595703,"positionAccuracy":35.0,"positionSource":"corelocation","positionTimestamp":1696164806000.0},"pose":[-0.08946353942155838,0.1655871570110321,0.4245530068874359,-0.0957813635468483,-0.22674743831157684,-0.7029280662536621,0.6673106551170349],"pose4x4":[-0.09104454517364502,-0.8947064280509949,0.43727678060531616,0.0,0.9815791249275208,-0.006563901901245117,0.1909424364566803,0.0,-0.16796714067459106,0.4466061294078827,0.8788230419158936,0.0,-0.08946353942155838,0.1655871570110321,0.4245530068874359,1.0],"resolution":[720,540],"sequence":40,"timestamp":1696164813.749,"tracking":2,"trackingReason":0},{"exposure":0.0,