{"app":"com.DefaultCompany.Tutorial-Series-ARDK3-Meshing-AliveStudios","autofocus":1,"captureGroup":{"sequence":0,"uuid":"018aeb4e-259b-7006-80df-a31f0000ffff"},"coordinates":"opengl","depthSource":"none","duration":62.697,"formatVersion":"1","frameCount":721,"framerate":11.483803052777644,"frames":[{"exposure":0.0,"image":"frame_00000000.jpg","intrinsics":[547.8785400390625,547.8785400390625,349.17254638671875,268.6622619628906,0.0],"location":{"altitude":112.78207397460938,"altitudeAccuracy":2.7948813438415527,"heading":261.86614990234375,"headingAccuracy":5.100311279296875,"headingTimestamp":1696164878000.0,"latitude":51.44685363769531,"longitude":7.03470516204834,"positionAccuracy":5.100311279296875,"positionSource":"corelocation","positionTimestamp":1696164878000.0},"pose":[0.0030691891442984343,0.01180973369628191,0.007766424678266048,-0.053219784051179886,-0.02586124651134014,-0.7117276191711426,0.6999586820602417],"pose4x4":[-0.0144500732421875,-0.9936071634292603,0.11195959150791168,0.0,0.9991124868392944,-0.018777132034301758,-0.03769097477197647,0.0,0.03955237567424774,0.11131563037633896,0.9929977059364319,0.0,0.0030691891442984343,0.01180973369628191,0.007766424678266048,1.0],"resolution":[720,540],"sequence":0,"timestamp":1696164881.0,"tracking":2,"trackingReason":0},{"exposure":0.0,"image":"frame_00000001.jpg","intrinsics":[548.0982055664063,548.0982055664063,349.20806884765625,268.64495849609375,0.0],"location":{"altitude":112.78207397460938,"altitudeAccuracy":2.7948813438415527,"heading":261.86614990234375,"headingAccuracy":5.100311279296875,"headingTimestamp":1696164878000.0,"latitude":51.44685363769531,"longitude":7.03470516204834,"positionAccuracy":5.100311279296875,"positionSource":"corelocation","positionTimestamp":1696164878000.0},"pose":[0.002676522359251976,0.011881992220878601,0.007037524599581957,-0.05396696552634239,-0.02643658220767975,-0.7125020027160645,0.6990917921066284],"pose4x4":[-0.0167158842086792,-0.9933552145957947,0.11386633664369583,0.0,0.9990620017051697,-0.021143078804016113,-0.037783488631248474,0.0,0.03993994742631912,0.11312796175479889,0.9927773475646973,0.0,0.002676522359251976,0.011881992220878601,0.007037524599581957,1.0],"resolution":[720,540],"sequence":1,"timestamp":1696164881.117,"tracking":2,"trackingReason":0},{"exposure":0.0,"image":"frame_00000002.jpg","intrinsics":[548.31787109375,548.31787109375,349.19024658203125,268.66253662109375,0.0],"location":{"altitude":112.78207397460938,"altitudeAccuracy":2.7948813438415527,"heading":261.86614990234375,"headingAccuracy":5.100311279296875,"headingTimestamp":1696164878000.0,"latitude":51.44685363769531,"longitude":7.03470516204834,"positionAccuracy":5.100311279296875,"positionSource":"corelocation","positionTimestamp":1696164878000.0},"pose":[0.002189297927543521,0.011658569797873497,0.006094781216233969,-0.054526954889297485,-0.02871469035744667,-0.7127254605293274,0.6987308263778687],"pose4x4":[-0.01760423183441162,-0.9928750395774841,0.11785317957401276,0.0,0.9991379380226135,-0.021901607513427734,-0.03526794910430908,0.0,0.03759782016277313,0.11713071167469025,0.992404580116272,0.0,0.002189297927543521,0.011658569797873497,0.006094781216233969,1.0],"resolution":[720,540],"sequence":2,"timestamp":1696164881.217,"tracking":2,"trackingReason":0},{"exposure":0.0,"image":"frame_00000003.jpg","intrinsics":[548.31787109375,548.31787109375,349.1795959472656,268.6802978515625,0.0],"location":{"altitude":112.78207397460938,"altitudeAccuracy":2.7948813438415527,"heading":261.86614990234375,"headingAccuracy":5.100311279296875,"headingTimestamp":1696164878000.0,"latitude":51.44685363769531,"longitude":7.03470516204834,"positionAccuracy":5.100311279296875,"positionSource":"corelocation","positionTimestamp":1696164878000.0},"pose":[0.0017689969390630722,0.011625804007053375,0.005622208118438721,-0.05440715700387955,-0.03048710525035858,-0.7126892805099487,0.6987019777297974],"pose4x4":[-0.01771092414855957,-0.9925974011421204,0.12015359848737717,0.0,0.9992322325706482,-0.021772265434265137,-0.03257311135530472,0.0,0.03494799882173538,0.11948444694280624,0.9922208189964294,0.0,0.0017689969390630722,0.011625804007053375,0.005622208118438721,1.0],"resolution":[720,540],"sequence":3,"timestamp":1696164881.317,"tracking":2,"trackingReason":0},{"exposure":0.0,"image":"frame_00000004.jpg","intrinsics":[548.31787109375,548.31787109375,349.18243408203125,268.6128845214844,0.0],"location":{"altitude":112.78207397460938,"altitudeAccuracy":2.7948813438415527,"heading":261.86614990234375,"headingAccuracy":5.100311279296875,"headingTimestamp":1696164878000.0,"latitude":51.44685363769531,"longitude":7.03470516204834,"positionAccuracy":5.100311279296875,"positionSource":"corelocation","positionTimestamp":1696164878000.0},"pose":[0.0019856782164424658,0.011758198030292988,0.005066786427050829,-0.053846172988414764,-0.0317109189927578,-0.7133138179779053,0.6980533003807068],"pose4x4":[-0.01964437961578369,-0.9924470782279968,0.12109026312828064,0.0,0.9992771744728088,-0.023432016372680664,-0.029935322701931,0.0,0.03254661336541176,0.12041466683149338,0.9921900033950806,0.0,0.0019856782164424658,0.011758198030292988,0.005066786427050829,1.0],"resolution":[720,540],"sequence":4,"timestamp":1696164881.417,"tracking":2,"trackingReason":0},{"exposure":0.0,"image":"frame_00000005.jpg","intrinsics":[548.31787109375,548.31787109375,349.2185363769531,268.6128845214844,0.0],"location":{"altitude":112.78207397460938,"altitudeAccuracy":2.7948813438415527,"heading":261.86614990234375,"headingAccuracy":5.100311279296875,"headingTimestamp":1696164878000.0,"latitude":51.44685363769531,"longitude":7.03470516204834,"positionAccuracy":5.100311279296875,"positionSource":"corelocation","positionTimestamp":1696164878000.0},"pose":[0.002211545594036579,0.01194232702255249,0.004904407542198896,-0.054056111723184586,-0.03207534924149513,-0.7140979170799255,0.6972177624702454],"pose4x4":[-0.021929383277893066,-0.9922957420349121,0.12192972004413605,0.0,0.999231219291687,-0.02571582794189453,-0.029567882418632507,0.0,0.03247570991516113,0.12118764221668243,0.9920982122421265,0.0,0.002211545594036579,0.01194232702255249,0.004904407542198896,1.0],"resolution":[720,540],"sequence":5,"timestamp":1696164881.517,"tracking":2,"trackingReason":0},{"exposure":0.0,"image":"frame_00000006.jpg","intrinsics":[548.0982055664063,548.0982055664063,349.227783203125,268.5808410644531,0.0],"location":{"altitude":112.78207397460938,"altitudeAccuracy":2.7948813438415527,"heading":261.86614990234375,"headingAccuracy":5.100311279296875,"headingTimestamp":1696164878000.0,"latitude":51.44685363769531,"longitude":7.03470516204834,"positionAccuracy":5.100311279296875,"positionSource":"corelocation","positionTimestamp":1696164878000.0},"pose":[0.001874455250799656,0.012088395655155182,0.004821467213332653,-0.05554436892271042,-0.032185353338718414,-0.7144001126289368,0.696786105632782],"pose4x4":[-0.022806763648986816,-0.991992712020874,0.12421441823244095,0.0,0.9991436004638672,-0.026905417442321777,-0.03141864761710167,0.0,0.034509189426898956,0.1233915239572525,0.991757869720459,0.0,0.001874455250799656,0.012088395655155182,0.004821467213332653,1.0],"resolution":[720,540],"sequence":6,"timestamp":1696164881.617,"tracking":2,"trackingReason":0},{"exposure":0.0,"image":"frame_00000007.jpg","intrinsics":[548.31787109375,548.31787109375,349.1893005371094,268.6279602050781,0.0],"location":{"altitude":112.78207397460938,"altitudeAccuracy":2.7948813438415527,"heading":261.86614990234375,"headingAccuracy":5.100311279296875,"headingTimestamp":1696164878000.0,"latitude":51.44685363769531,"longitude":7.03470516204834,"positionAccuracy":5.100311279296875,"positionSource":"corelocation","positionTimestamp":1696164878000.0},"pose":[0.0016256580129265785,0.011780411005020142,0.005339212249964476,-0.056965701282024384,-0.033021677285432816,-0.7141880393028259,0.696850061416626],"pose4x4":[-0.02230989933013916,-0.9916017651557922,0.1273907572031021,0.0,0.999126136302948,-0.026619315147399902,-0.032225728034973145,0.0,0.0353461317718029,0.12656047940254211,0.9913289546966553,0.0,0.0016256580129265785,0.011780411005020142,0.005339212249964476,1.0],"resolution":[720,540],"sequence":7,"timestamp":1696164881.717,"tracking":2,"trackingReason":0},{"exposure":0.0,"image":"frame_00000008.jpg","intrinsics":[548.31787109375,548.31787109375,349.19287109375,268.572265625,0.0],"location":{"altitude":112.78207397460938,"altitudeAccuracy":2.7948813438415527,"heading":261.86614990234375,"headingAccuracy":5.100311279296875,"headingTimestamp":1696164878000.0,"latitude":51.44685363769531,"longitude":7.03470516204834,"positionAccuracy":5.100311279296875,"positionSource":"corelocation","positionTimestamp":1696164878000.0},"pose":[0.001364168361760676,0.011340273544192314,0.005139313172549009,-0.05838119983673096,-0.034688498824834824,-0.7135733366012573,0.6972811222076416],"pose4x4":[-0.020780444145202637,-0.9910721182823181,0.13169381022453308,0.0,0.9991727471351624,-0.02519059181213379,-0.031910642981529236,0.0,0.03494326025247574,0.13092179596424103,0.9907766580581665,0.0,0.001364168361760676,0.011340273544192314,0.005139313172549009,1.0],"resolution":[720,540],"sequence":8,"timestamp":1696164881.817,"tracking":2,"trackingReason":0},{"exposure":0.0,"image":"frame_00000009.jpg","intrinsics":[548.31787109375,548.31787109375,349.2537841796875,268.55511474609375,0.0],"location":{"altitude":112.78207397460938,"altitudeAccuracy":2.7948813438415527,"heading":261.86614990234375,"headingAccuracy":5.100311279296875,"headingTimestamp":1696164878000.0,"latitude":51.44685363769531,"longitude":7.03470516204834,"positionAccuracy":5.100311279296875,"positionSource":"corelocation","positionTimestamp":1696164878000.0},"pose":[0.001766103319823742,0.011395543813705444,0.004922851454466581,-0.05889173224568367,-0.03662269935011864,-0.7134764790534973,0.6972382664680481],"pose4x4":[-0.020779848098754883,-0.9906126856803894,0.1351052224636078,0.0,0.9992397427558899,-0.02503383159637451,-0.029864270240068436,0.0,0.032966237515211105,0.13438200950622559,0.9903810620307922,0.0,0.001766103319823742,0.011395543813705444,0.004922851454466581,1.0],"resolution":[720,540],"sequence":9,"timestamp":1696164881.916,"tracking":2,"trackingReason":0},{"exposure":0.0,"image":"frame_00000010.jpg","intrinsics":[548.31787109375,548.31787109375,349.21929931640625,268.61492919921875,0.0],"location":{"altitude":112.78207397460938,"altitudeAccuracy":2.7948813438415527,"heading":261.86614990234375,"headingAccuracy":5.100311279296875,"headingTimestamp":1696164878000.0,"latitude":51.44685363769531,"longitude":7.03470516204834,"positionAccuracy":5.100311279296875,"positionSource":"corelocation","positionTimestamp":1696164878000.0},"pose":[0.002423086203634739,0.011857807636260986,0.004543358460068703,-0.059079740196466446,-0.03717461973428726,-0.7138639092445374,0.6967969536781311],"pose4x4":[-0.021967172622680664,-0.9904438853263855,0.1361561119556427,0.0,0.9992288947105408,-0.02618408203125,-0.029257923364639282,0.0,0.03254346549510956,0.1354084014892578,0.9902552366256714,0.0,0.002423086203634739,0.011857807636260986,0.004543358460068703,1.0],"resolution":[720,540],"sequence":10,"timestamp":1696164882.016,"tracking":2,"trackingReason":0},{"exposure":0.0,"image":"frame_00000011.jpg","intrinsics":[548.0982055664063,548.0982055664063,349.2314453125,268.4994201660156,0.0],"location":{"altitude":112.78207397460938,"altitudeAccuracy":2.7948813438415527,"heading":261.86614990234375,"headingAccuracy":5.100311279296875,"headingTimestamp":1696164878000.0,"latitude":51.44685363769531,"longitude":7.03470516204834,"positionAccuracy":5.100311279296875,"positionSource":"corelocation","positionTimestamp":1696164878000.0},"pose":[0.003341387026011944,0.012082517147064209,0.004093564581125975,-0.05944059044122696,-0.03799775615334511,-0.7138884663581848,0.6966968178749084],"pose4x4":[-0.022161126136779785,-0.9902104735374451,0.1378137320280075,0.0,0.9992448687553406,-0.02633988857269287,-0.028571821749210358,0.0,0.03192207217216492,0.1370764672756195,0.990045964717865,0.0,0.003341387026011944,0.012082517147064209,0.004093564581125975,1.0],"resolution":[720,540],"sequence":11,"timestamp":1696164882.116,"tracking":2,"trackingReason":0},{"exposure":0.0,"image":"frame_00000012.jpg","intrinsics":[548.31787109375,548.31787109375,349.1976623535156,268.5851135253906,0.0],"location":{"altitude":112.78207397460938,"altitudeAccuracy":2.7948813438415527,"heading":261.86614990234375,"headingAccuracy":5.100311279296875,"headingTimestamp":1696164878000.0,"latitude":51.44685363769531,"longitude":7.03470516204834,"positionAccuracy":5.100311279296875,"positionSource":"corelocation","positionTimestamp":1696164878000.0},"pose":[0.004116185940802097,0.012407995760440826,0.0037188827991485596,-0.059336211532354355,-0.03842002898454666,-0.7138619422912598,0.6967090368270874],"pose4x4":[-0.02214992046356201,-0.9901487231254578,0.13825088739395142,0.0,0.9992675185203552,-0.02623927593231201,-0.027826957404613495,0.0,0.03118056058883667,0.13753333687782288,0.9900062084197998,0.0,0.004116185940802097,0.012407995760440826,0.0037188827991485596,1.0],"resolution":[720,540],"sequence":12,"timestamp":1696164882.216,"tracking":2,"trackingReason":0},{"exposure":0.0,"image":"frame_00000013.jpg","intrinsics":[548.31787109375,548.31787109375,349.2014465332031,268.54656982421875,0.0],"location":{"altitude":112.78207397460938,"altitudeAccuracy":2.7948813438415527,"heading":261.86614990234375,"headingAccuracy":5.100311279296875,"headingTimestamp":1696164878000.0,"latitude":51.44685363769531,"longitude":7.03470516204834,"positionAccuracy":5.100311279296875,"positionSource":"corelocation","positionTimestamp":1696164878000.0},"pose":[0.004773266147822142,0.01292414776980877,0.004021323285996914,-0.05963653326034546,-0.03807958960533142,-0.7137241959571838,0.6968437433242798],"pose4x4":[-0.021704554557800293,-0.9901666045188904,0.138199120759964,0.0,0.9992503523826599,-0.025917410850524902,-0.028758041560649872,0.0,0.0320570282638073,0.13747134804725647,0.9899868369102478,0.0,0.004773266147822142,0.01292414776980877,0.004021323285996914,1.0],"resolution":[720,540],"sequence":13,"timestamp":1696164882.3,"tracking":2,"trackingReason":0},{"exposure":0.0,"image":"frame_00000014.jpg","intrinsics":[548.31787109375,548.31787109375,349.23614501953125,268.5522766113281,0.0],"location":{"altitude":112.78207397460938,"altitudeAccuracy":2.7948813438415527,"heading":261.86614990234375,"headingAccuracy":5.100311279296875,"headingTimestamp":1696164878000.0,"latitude":51.44685363769531,"longitude":7.03470516204834,"positionAccuracy":5.100311279296875,"positionSource":"corelocation","positionTimestamp":1696164878000.0},"pose":[0.005134423729032278,0.013381598517298698,0.004548368044197559,-0.05915253236889839,-0.037345826625823975,-0.7138643860816956,0.6967808604240417],"pose4x4":[-0.02199411392211914,-0.9903959035873413,0.13649748265743256,0.0,0.999232292175293,-0.026202797889709473,-0.02911299094557762,0.0,0.03241005539894104,0.13575240969657898,0.9902125597000122,0.0,0.005134423729032278,0.013381598517298698,0.004548368044197559,1.0],"resolution":[720,540],"sequence":14,"timestamp":1696164882.383,"tracking":2,"trackingReason":0},{"exposure":0.0,"image":"frame_00000015.jpg","intrinsics":[548.31787109375,548.31787109375,349.2054443359375,268.53369140625,0.0],"location":{"altitude":112.78207397460938,"altitudeAccuracy":2.7948813438415527,"heading":261.86614990234375,"headingAccuracy":5.100311279296875,"headingTimestamp":1696164878000.0,"latitude":51.44685363769531,"longitude":7.03470516204834,"positionAccuracy":5.100311279296875,"positionSource":"corelocation","positionTimestamp":1696164878000.0},"pose":[0.004500705748796463,0.013550616800785065,0.004975491669028997,-0.05805535987019539,-0.03663827106356621,-0.7133138179779053,0.6974747180938721],"pose4x4":[-0.020317912101745605,-0.990782618522644,0.13393191993236542,0.0,0.9992908239364624,-0.024374008178710938,-0.02871512621641159,0.0,0.031714845448732376,0.13325345516204834,0.9905744194984436,0.0,0.004500705748796463,0.013550616800785065,0.004975491669028997,1.0],"resolution":[720,540],"sequence":15,"timestamp":1696164882.466,"tracking":2,"trackingReason":0},{"exposure":0.0,"image":"frame_00000016.jpg","intrinsics":[548.31787109375,548.31787109375,349.2098388671875,268.54656982421875,0.0],"location":{"altitude":112.78207397460938,"altitudeAccuracy":2.7948813438415527,"heading":261.86614990234375,"headingAccuracy":5.100311279296875,"headingTimestamp":1696164878000.0,"latitude":51.44685363769531,"longitude":7.03470516204834,"positionAccuracy":5.100311279296875,"positionSource":"corelocation","positionTimestamp":1696164878000.0},"pose":[0.00426353607326746,0.013279259204864502,0.005493143107742071,-0.05716569349169731,-0.03567417711019516,-0.7131969928741455,0.6977173686027527],"pose4x4":[-0.019845128059387207,-0.9911412000656128,0.13132178783416748,0.0,0.9992985725402832,-0.02383577823638916,-0.02888556569814682,0.0,0.03175981342792511,0.1306564211845398,0.9909188747406006,0.0,0.00426353607326746,0.013279259204864502,0.005493143107742071,1.0],"resolution":[720,540],"sequence":16,"timestamp":1696164882.55,"tracking":2,"trackingReason":0},{"exposure":0.0,"image":"frame_00000017.jpg","intrinsics":[548.0982055664063,548.0982055664063,349.204833984375,268.4908447265625,0.0],"location":{"altitude":112.78207397460938,"altitudeAccuracy":2.7948813438415527,"heading":261.86614990234375,"headingAccuracy":5.100311279296875,"headingTimestamp":1696164878000.0,"latitude":51.44685363769531,"longitude":7.03470516204834,"positionAccuracy":5.100311279296875,"positionSource":"corelocation","positionTimestamp":1696164878000.0},"pose":[0.004280625842511654,0.01294226199388504,0.005181153304874897,-0.05593251436948776,-0.03481289744377136,-0.7133562564849854,0.6976976990699768],"pose4x4":[-0.02017819881439209,-0.9915196895599365,0.12837737798690796,0.0,0.9993083477020264,-0.02401125431060791,-0.028379980474710464,0.0,0.03122185915708542,0.12771597504615784,0.9913192391395569,0.0,0.004280625842511654,0.01294226199388504,0.005181153304874897,1.0],"resolution":[720,540],"sequence":17,"timestamp":1696164882.65,"tracking":2,"trackingReason":0},{"exposure":0.0,"image":"frame_00000018.jpg","intrinsics":[548.31787109375,548.31787109375,349.2275695800781,268.5808410644531,0.0],"location":{"altitude":112.78207397460938,"altitudeAccuracy":2.7948813438415527,"heading":261.86614990234375,"headingAccuracy":5.100311279296875,"headingTimestamp":1696164878000.0,"latitude":51.44685363769531,"longitude":7.03470516204834,"positionAccuracy":5.100311279296875,"positionSource":"corelocation","positionTimestamp":1696164878000.0},"pose":[0.0037829382345080376,0.012852862477302551,0.005221376195549965,-0.05456296727061272,-0.0346481092274189,-0.7137848734855652,0.6973761320114136],"pose4x4":[-0.021378636360168457,-0.9917720556259155,0.12621797621250153,0.0,0.9993340969085693,-0.024931907653808594,-0.02663923054933548,0.0,0.029566917568445206,0.12556442618370056,0.9916447997093201,0.0,0.0037829382345080376,0.012852862477302551,0.005221376195549965,1.0],"resolution":[720,540],"sequence":18,"timestamp":1696164882.75,"tracking":2,"trackingReason":0},{"exposure":0.0,"image":"frame_00000019.jpg","intrinsics":[548.0982055664063,548.0982055664063,349.23126220703125,268.525146484375,0.0],"location":{"altitude":112.78207397460938,"altitudeAccuracy":2.7948813438415527,"heading":261.86614990234375,"headingAccuracy":5.100311279296875,"headingTimestamp":1696164878000.0,"latitude":51.44685363769531,"longitude":7.03470516204834,"positionAccuracy":5.100311279296875,"positionSource":"corelocation","positionTimestamp":1696164878000.0},"pose":[0.004707987420260906,0.012828193604946136,0.005595177412033081,-0.05360255390405655,-0.03317936509847641,-0.7140834927558899,0.6972165703773499],"pose4x4":[-0.02203226089477539,-0.9921846389770508,0.12281980365514755,0.0,0.9992986917495728,-0.02557694911956787,-0.027359504252672195,0.0,0.030286990106105804,0.1221308559179306,0.9920517802238464,0.0,0.004707987420260906,0.012828193604946136,0.005595177412033081,1.0],"resolution":[720,540],"sequence":19,"timestamp":1696164882.85,"tracking":2,"trackingReason":0},{"exposure":0.0,"image":"frame_00000020.jpg","intrinsics":[548.0982055664063,548.0982055664063,349.23126220703125,268.525146484375,0.0],"location":{"altitude":112.78207397460938,"altitudeAccuracy":2.7948813438415527,"heading":261.86614990234375,"headingAccuracy":5.100311279296875,"headingTimestamp":1696164878000.0,"latitude":51.44685363769531,"longitude":7.03470516204834,"positionAccuracy":5.100311279296875,"positionSource":"corelocation","positionTimestamp":1696164878000.0},"pose":[0.004057467449456453,0.013250580057501793,0.005579844117164612,-0.052509963512420654,-0.03231867402791977,-0.7139864563941956,0.6974392533302307],"pose4x4":[-0.021642327308654785,-0.9925302267074585,0.1200634315609932,0.0,0.9993184804916382,-0.025067925453186035,-0.027094826102256775,0.0,0.029902182519435883,0.11939521133899689,0.9923964142799377,0.0,0.004057467449456453,0.013250580057501793,0.005579844117164612,1.0],"resolution":[720,540],"sequence":20,"timestamp":1696164882.949,"tracking":2,"trackingReason":0},{"exposure":0.0,"image":"frame_00000021.jpg","intrinsics":[548.31787109375,548.31787109375,349.1669921875,268.5892028808594,0.0],"location":{"altitude":112.78207397460938,"altitudeAccuracy":2.7948813438415527,"heading":261.86614990234375,"headingAccuracy":5.100311279296875,"headingTimestamp":1696164878000.0,"latitude":51.44685363769531,"longitude":7.03470516204834,"positionAccuracy":5.100311279296875,"positionSource":"corelocation","positionTimestamp":1696164878000.0},"pose":[0.0032316006254404783,0.013438103720545769,0.005900762975215912,-0.051424507051706314,-0.030606884509325027,-0.7136856913566589,0.6979049444198608],"pose4x4":[-0.020568132400512695,-0.9930216670036316,0.1161232590675354,0.0,0.999317467212677,-0.023983478546142578,-0.028091441839933395,0.0,0.030680477619171143,0.11546622216701508,0.9928374886512756,0.0,0.0032316006254404783,0.013438103720545769,0.005900762975215912,1.0],"resolution":[720,540],"sequence":21,"timestamp":1696164883.049,"tracking":2,"trackingReason":0},{"exposure":0.0,"image":"frame_00000022.jpg","intrinsics":[548.0982055664063,548.0982055664063,349.2003479003906,268.4779968261719,0.0],"location":{"altitude":112.78207397460938,"altitudeAccuracy":2.7948813438415527,"heading":261.86614990234375,"headingAccuracy":5.100311279296875,"headingTimestamp":1696164878000.0,"latitude":51.44685363769531,"longitude":7.03470516204834,"positionAccuracy":5.100311279296875,"positionSource":"corelocation","positionTimestamp":1696164878000.0},"pose":[0.003158678999170661,0.013718795962631702,0.006164126563817263,-0.05048052594065666,-0.02918155863881111,-0.713636577129364,0.6980855464935303],"pose4x4":[-0.02025747299194336,-0.9934125542640686,0.11279194802045822,0.0,0.9993049502372742,-0.0236508846282959,-0.02882939577102661,0.0,0.031307049095630646,0.11212950944900513,0.9932003021240234,0.0,0.003158678999170661,0.013718795962631702,0.006164126563817263,1.0],"resolution":[720,540],"sequence":22,"timestamp":1696164883.149,"tracking":2,"trackingReason":0},{"exposure":0.0,"image":"frame_00000023.jpg","intrinsics":[548.31787109375,548.31787109375,349.20941162109375,268.51226806640625,0.0],"location":{"altitude":112.78207397460938,"altitudeAccuracy":2.7948813438415527,"heading":261.86614990234375,"headingAccuracy":5.100311279296875,"headingTimestamp":1696164878000.0,"latitude":51.44685363769531,"longitude":7.03470516204834,"positionAccuracy":5.100311279296875,"positionSource":"corelocation","positionTimestamp":1696164878000.0},"pose":[0.0033700743224471807,0.014226226136088371,0.006758519914001226,-0.04923490807414055,-0.02704375796020031,-0.7135963439941406,0.6983016133308411],"pose4x4":[-0.01990222930908203,-0.9939479231834412,0.10803709924221039,0.0,0.999273955821991,-0.023287653923034668,-0.03016497939825058,0.0,0.032498300075531006,0.10735828429460526,0.9936891198158264,0.0,0.0033700743224471807,0.014226226136088371,0.006758519914001226,1.0],"resolution":[720,540],"sequence":23,"timestamp":1696164883.249,"tracking":2,"trackingReason":0},{"exposure":0.0,"image":"frame_00000024.jpg","intrinsics":[548.5375366210938,548.5375366210938,349.17486572265625,268.5632019042969,0.0],"location":{"altitude":112.78207397460938,"altitudeAccuracy":2.7948813438415527,"heading":261.86614990234375,"headingAccuracy":5.100311279296875,"headingTimestamp":1696164878000.0,"latitude":51.44685363769531,"longitude":7.03470516204834,"positionAccuracy":5.100311279296875,"positionSource":"corelocation","positionTimestamp":1696164878000.0},"pose":[0.004122985526919365,0.01438913494348526,0.006992992479354143,-0.048129335045814514,-0.02503540925681591,-0.713625967502594,0.6984233260154724],"pose4x4":[-0.019777536392211914,-0.9944161772727966,0.10366331040859222,0.0,0.9992359280586243,-0.02315688133239746,-0.03149746358394623,0.0,0.033722057938575745,0.10296113789081573,0.994113564491272,0.0,0.004122985526919365,0.01438913494348526,0.006992992479354143,1.0],"resolution":[720,540],"sequence":24,"timestamp":1696164883.333,"tracking":2,"trackingReason":0},{"exposure":0.0,"image":"frame_00000025.jpg","intrinsics":[548.31787109375,548.31787109375,349.16033935546875,268.5772705078125,0.0],"location":{"altitude":112.78207397460938,"altitudeAccuracy":2.7948813438415527,"heading":261.86614990234375,"headingAccuracy":5.100311279296875,"headingTimestamp":1696164878000.0,"latitude":51.44685363769531,"longitude":7.03470516204834,"positionAccuracy":5.100311279296875,"positionSource":"corelocation","positionTimestamp":1696164878000.0},"pose":[0.004697091411799192,0.014177565462887287,0.007012464571744204,-0.04786282405257225,-0.024560030549764633,-0.7135018110275269,0.6985846757888794],"pose4x4":[-0.019376039505004883,-0.9945318102836609,0.10261494666337967,0.0,0.9992339015007019,-0.022751331329345703,-0.031825218349695206,0.0,0.03398590534925461,0.10191972553730011,0.9942119121551514,0.0,0.004697091411799192,0.014177565462887287,0.007012464571744204,1.0],"resolution":[720,540],"sequence":25,"timestamp":1696164883.416,"tracking":2,"trackingReason":0},{"exposure":0.0,"image":"frame_00000026.jpg","intrinsics":[548.31787109375,548.31787109375,349.1781921386719,268.56622314453125,0.0],"location":{"altitude":112.78207397460938,"altitudeAccuracy":2.7948813438415527,"heading":261.86614990234375,"headingAccuracy":5.100311279296875,"headingTimestamp":1696164878000.0,"latitude":51.44685363769531,"longitude":7.03470516204834,"positionAccuracy":5.100311279296875,"positionSource":"corelocation","positionTimestamp":1696164878000.0},"pose":[0.004784200340509415,0.013958722352981567,0.007235414814203978,-0.04720504954457283,-0.02438410371541977,-0.7132733464241028,0.6988690495491028],"pose4x4":[-0.018706798553466797,-0.9946672320365906,0.10142280161380768,0.0,0.9992714524269104,-0.02197432518005371,-0.031195230782032013,0.0,0.0332576185464859,0.10076535493135452,0.9943541884422302,0.0,0.004784200340509415,0.013958722352981567,0.007235414814203978,1.0],"resolution":[720,540],"sequence":26,"timestamp":1696164883.499,"tracking":2,"trackingReason":0},{"exposure":0.0,"image":"frame_00000027.jpg","intrinsics":[548.31787109375,548.31787109375,349.1656799316406,268.5208435058594,0.0],"location":{"altitude":112.78207397460938,"altitudeAccuracy":2.7948813438415527,"heading":261.86614990234375,"headingAccuracy":5.100311279296875,"headingTimestamp":1696164878000.0,"latitude":51.44685363769531,"longitude":7.03470516204834,"positionAccuracy":5.100311279296875,"positionSource":"corelocation","positionTimestamp":1696164878000.0},"pose":[0.004960073623806238,0.014048701152205467,0.007598281372338533,-0.046111349016427994,-0.023118184879422188,-0.7130683660507202,0.6991942524909973],"pose4x4":[-0.018001914024353027,-0.9950146079063416,0.0980892926454544,0.0,0.9992786049842834,-0.02118551731109619,-0.03151188790798187,0.0,0.03343288600444794,0.09745126962661743,0.9946785569190979,0.0,0.004960073623806238,0.014048701152205467,0.007598281372338533,1.0],"resolution":[720,540],"sequence":27,"timestamp":1696164883.583,"tracking":2,"trackingReason":0},{"exposure":0.0,"image":"frame_00000028.jpg","intrinsics":[548.31787109375,548.31787109375,349.17095947265625,268.55902099609375,0.0],"location":{"altitude":112.78207397460938,"altitudeAccuracy":2.7948813438415527,"heading":261.86614990234375,"headingAccuracy":5.100311279296875,"headingTimestamp":1696164878000.0,"latitude":51.44685363769531,"longitude":7.03470516204834,"positionAccuracy":5.100311279296875,"positionSource":"corelocation","positionTimestamp":1696164878000.0},"pose":[0.004901513457298279,0.014423646032810211,0.00806979276239872,-0.04518839716911316,-0.022321900352835655,-0.713012158870697,0.6993381381034851],"pose4x4":[-0.017769217491149902,-0.9952558279037476,0.09566086530685425,0.0,0.9992905855178833,-0.020856618881225586,-0.03137236461043358,0.0,0.033218637108802795,0.09503550827503204,0.99491947889328,0.0,0.004901513457298279,0.014423646032810211,0.00806979276239872,1.0],"resolution":[720,540],"sequence":28,"timestamp":1696164883.683,"tracking":2,"trackingReason":0},{"exposure":0.0,"image":"frame_00000029.jpg","intrinsics":[548.31787109375,548.31787109375,349.19268798828125,268.5636901855469,0.0],"location":{"altitude":112.78207397460938,"altitudeAccuracy":2.7948813438415527,"heading":261.86614990234375,"headingAccuracy":5.100311279296875,"headingTimestamp":1696164878000.0,"latitude":51.44685363769531,"longitude":7.03470516204834,"positionAccuracy":5.100311279296875,"positionSource":"corelocation","positionTimestamp":1696164878000.0},"pose":[0.004780467599630356,0.014556892216205597,0.008912700228393078,-0.04408017918467522,-0.021852092817425728,-0.7127251625061035,0.6997162103652954],"pose4x4":[-0.016909241676330566,-0.9954842329025269,0.09341463446617126,0.0,0.9993371963500977,-0.019840359687805176,-0.030538158491253853,0.0,0.032253578305244446,0.09283630549907684,0.995158851146698,0.0,0.004780467599630356,0.014556892216205597,0.008912700228393078,1.0],"resolution":[720,540],"sequence":29,"timestamp":1696164883.783,"tracking":2,"trackingReason":0},{"exposure":0.0,"image":"frame_00000030.jpg","intrinsics":[548.5375366210938,548.5375366210938,349.1576232910156,268.5379943847656,0.0],"location":{"altitude":112.78207397460938,"altitudeAccuracy":2.7948813438415527,"heading":261.86614990234375,"headingAccuracy":5.100311279296875,"headingTimestamp":1696164878000.0,"latitude":51.44685363769531,"longitude":7.03470516204834,"positionAccuracy":5.100311279296875,"positionSource":"corelocation","positionTimestamp":1696164878000.0},"pose":[0.004732572473585606,0.01464516669511795,0.009588663466274738,-0.043489720672369,-0.0213235504925251,-0.7120915055274963,0.7004141211509705],"pose4x4":[-0.015057921409606934,-0.9956631660461426,0.09180795401334763,0.0,0.9993726015090942,-0.017931342124938965,-0.03055298887193203,0.0,0.03206668794155121,0.09129026532173157,0.9953079223632813,0.0,0.004732572473585606,0.01464516669511795,0.009588663466274738,1.0],"resolution":[720,540],"sequence":30,"timestamp":1696164883.883,"tracking":2,"trackingReason":0},{"exposure":0.0,"image":"frame_00000031.jpg","intrinsics":[548.31787109375,548.31787109375,349.1792297363281,268.525146484375,0.0],"location":{"altitude":112.78207397460938,"altitudeAccuracy":2.7948813438415527,"heading":261.86614990234375,"headingAccuracy":5.100311279296875,"headingTimestamp":1696164878000.0,"latitude":51.44685363769531,"longitude":7.03470516204834,"positionAccuracy":5.100311279296875,"positionSource":"corelocation","positionTimestamp":1696164878000.0},"pose":[0.0047096973285079,0.014789357781410217,0.010029412806034088,-0.043101027607917786,-0.020852437242865562,-0.7117065191268921,0.700843334197998],"pose4x4":[-0.013921976089477539,-0.995792031288147,0.09057915210723877,0.0,0.9993870258331299,-0.01676774024963379,-0.03073250502347946,0.0,0.03212198242545128,0.09009576588869095,0.9954149723052979,0.0,0.0047096973285079,0.014789357781410217,0.010029412806034088,1.0],"resolution":[720,540],"sequence":31,"timestamp":1696164883.982,"tracking":2,"trackingReason":0},{"exposure":0.0,"image":"frame_00000032.jpg","intrinsics":[548.7571411132813,548.7571411132813,349.1786193847656,268.5162658691406,0.0],"location":{"altitude":112.78207397460938,"altitudeAccuracy":2.7948813438415527,"heading":261.86614990234375,"headingAccuracy":5.100311279296875,"headingTimestamp":1696164878000.0,"latitude":51.44685363769531,"longitude":7.03470516204834,"positionAccuracy":5.100311279296875,"positionSource":"corelocation","positionTimestamp":1696164878000.0},"pose":[0.004754073452204466,0.014819448813796043,0.010363273322582245,-0.04235358163714409,-0.02130822278559208,-0.7112594842910767,0.7013285756111145],"pose4x4":[-0.012688279151916504,-0.9958482384681702,0.09013690054416656,0.0,0.9994581341743469,-0.015367746353149414,-0.029096202924847603,0.0,0.030360642820596695,0.08971890807151794,0.9955042600631714,0.0,0.004754073452204466,0.014819448813796043,0.010363273322582245,1.0],"resolution":[720,540],"sequence":32,"timestamp":1696164884.082,"tracking":2,"trackingReason":0},{"exposure":0.0,"image":"frame_00000033.jpg","intrinsics":[548.5375366210938,548.5375366210938,349.1807556152344,268.48443603515625,0.0],"location":{"altitude":112.78207397460938,"altitudeAccuracy":2.7948813438415527,"heading":261.86614990234375,"headingAccuracy":5.100311279296875,"headingTimestamp":1696164878000.0,"latitude":51.44685363769531,"longitude":7.03470516204834,"positionAccuracy":5.100311279296875,"positionSource":"corelocation","positionTimestamp":1696164878000.0},"pose":[0.005102836526930332,0.014522336423397064,0.010209450498223305,-0.041986268013715744,-0.022189605981111526,-0.7113025188446045,0.7012800574302673],"pose4x4":[-0.012887358665466309,-0.9957812428474426,0.09085213392972946,0.0,0.9995078444480896,-0.015428304672241211,-0.027321219444274902,0.0,0.028607621788978577,0.0904553085565567,0.9954895377159119,0.0,0.005102836526930332,0.014522336423397064,0.010209450498223305,1.0],"resolution":[720,540],"sequence":33,"timestamp":1696164884.182,"tracking":2,"trackingReason":0},{"exposure":0.0,"image":"frame_00000034.jpg","intrinsics":[548.31787109375,548.31787109375,349.1310119628906,268.5557556152344,0.0],"location":{"altitude":112.78207397460938,"altitudeAccuracy":2.7948813438415527,"heading":261.86614990234375,"headingAccuracy":5.100311279296875,"headingTimestamp":1696164878000.0,"latitude":51.44685363769531,"longitude":7.03470516204834,"positionAccuracy":5.100311279296875,"positionSource":"corelocation","positionTimestamp":1696164878000.0},"pose":[0.005309573374688625,0.014619939029216766,0.010312201455235481,-0.0415838398039341,-0.023175017908215523,-0.711262047290802,0.7013131976127625],"pose4x4":[-0.01286160945892334,-0.9957075119018555,0.09165990352630615,0.0,0.9995623826980591,-0.015245795249938965,-0.02535957098007202,0.0,0.02664812281727791,0.09129361063241959,0.9954674243927002,0.0,0.005309573374688625,0.014619939029216766,0.010312201455235481,1.0],"resolution":[720,540],"sequence":34,"timestamp":1696164884.282,"tracking":2,"trackingReason":0},{"exposure":0.0,"image":"frame_00000035.jpg","intrinsics":[548.5375366210938,548.5375366210938,349.1358642578125,268.5674743652344,0.0],"location":{"altitude":112.78207397460938,"altitudeAccuracy":2.7948813438415527,"heading":261.86614990234375,"headingAccuracy":5.100311279296875,"headingTimestamp":1696164878000.0,"latitude":51.44685363769531,"longitude":7.03470516204834,"positionAccuracy":5.100311279296875,"positionSource":"corelocation","positionTimestamp":1696164878000.0},"pose":[0.0056666359305381775,0.015193335711956024,0.011310688219964504,-0.040662311017513275,-0.023019568994641304,-0.7114585638046265,0.7011728286743164],"pose4x4":[-0.01340639591217041,-0.9958387613296509,0.09014049172401428,0.0,0.9995828866958618,-0.015653491020202637,-0.02426767721772194,0.0,0.025577709078788757,0.08977755904197693,0.9956333637237549,0.0,0.0056666359305381775,0.015193335711956024,0.011310688219964504,1.0],"resolution":[720,540],"sequence":35,"timestamp":1696164884.366,"tracking":2,"trackingReason":0},{"exposure":0.0,"image":"frame_00000036.jpg","intrinsics":[548.31787109375,548.31787109375,349.14056396484375,268.5888977050781,0.0],"location":{"altitude":112.78207397460938,"altitudeAccuracy":2.7948813438415527,"heading":261.86614990234375,"headingAccuracy":5.100311279296875,"headingTimestamp":1696164878000.0,"latitude":51.44685363769531,"longitude":7.03470516204834,"positionAccuracy":5.100311279296875,"positionSource":"corelocation","positionTimestamp":1696164878000.0},"pose":[0.005736667662858963,0.015766970813274384,0.01212413888424635,-0.03988746926188469,-0.022711042314767838,-0.7116783261299133,0.7010045051574707],"pose4x4":[-0.014003753662109375,-0.9959676861763,0.08861517906188965,0.0,0.9995911717414856,-0.016154170036315918,-0.02359667792916298,0.0,0.02493301033973694,0.08824850618839264,0.9957863688468933,0.0,0.005736667662858963,0.015766970813274384,0.01212413888424635,1.0],"resolution":[720,540],"sequence":36,"timestamp":1696164884.449,"tracking":2,"trackingReason":0},{"exposure":0.0,"image":"frame_00000037.jpg","intrinsics":[548.31787109375,548.31787109375,349.15985107421875,268.5414733886719,0.0],"location":{"altitude":112.78207397460938,"altitudeAccuracy":2.7948813438415527,"heading":261.86614990234375,"headingAccuracy":5.100311279296875,"headingTimestamp":1696164878000.0,"latitude":51.44685363769531,"longitude":7.03470516204834,"positionAccuracy":5.100311279296875,"positionSource":"corelocation","positionTimestamp":1696164878000.0},"pose":[0.00564237916842103,0.016192873939871788,0.01334412768483162,-0.03921736776828766,-0.022636592388153076,-0.7117305397987366,0.7009918093681335],"pose4x4":[-0.014145612716674805,-0.9960590600967407,0.08756052702665329,0.0,0.9996100664138794,-0.016196727752685547,-0.022759798914194107,0.0,0.024088263511657715,0.08720441162586212,0.9958991408348083,0.0,0.00564237916842103,0.016192873939871788,0.01334412768483162,1.0],"resolution":[720,540],"sequence":37,"timestamp":1696164884.532,"tracking":2,"trackingReason":0},{"exposure":0.0,"image":"frame_00000038.jpg","intrinsics":[548.31787109375,548.31787109375,349.1485290527344,268.52911376953125,0.0],"location":{"altitude":112.78207397460938,"altitudeAccuracy":2.7948813438415527,"heading":261.86614990234375,"headingAccuracy":5.100311279296875,"headingTimestamp":1696164878000.0,"latitude":51.44685363769531,"longitude":7.03470516204834,"positionAccuracy":5.100311279296875,"positionSource":"corelocation","positionTimestamp":1696164878000.0},"pose":[0.005356127861887217,0.016501804813742638,0.013968387618660927,-0.03909153863787651,-0.02218022383749485,-0.7116019129753113,0.7011438012123108],"pose4x4":[-0.013738512992858887,-0.9961364269256592,0.08673828095197678,0.0,0.9996047019958496,-0.015810847282409668,-0.023250598460435867,0.0,0.024532176554203033,0.08638456463813782,0.9959597587585449,0.0,0.005356127861887217,0.016501804813742638,0.013968387618660927,1.0],"resolution":[720,540],"sequence":38,"timestamp":1696164884.616,"tracking":2,"trackingReason":0},{"exposure":0.0,"image":"frame_00000039.jpg","intrinsics":[548.5375366210938,548.5375366210938,349.12371826171875,268.6060485839844,0.0],"location":{"altitude":112.78207397460938,"altitudeAccuracy":2.7948813438415527,"heading":261.86614990234375,"headingAccuracy":5.100311279296875,"headingTimestamp":1696164878000.0,"latitude":51.44685363769531,"longitude":7.03470516204834,"positionAccuracy":5.100311279296875,"positionSource":"corelocation","positionTimestamp":1696164878000.0},"pose":[0.005282856523990631,0.016815848648548126,0.014637507498264313,-0.038758233189582825,-0.022419819608330727,-0.7113201022148132,0.7014405727386475],"pose4x4":[-0.01295781135559082,-0.99615967273712