{"app":"com.DefaultCompany.HummingHavoc-ARDK3-Test2","autofocus":1,"captureGroup":{"sequence":0,"uuid":"018aad23-5d75-7012-800e-38000000ffff"},"coordinates":"opengl","depthSource":"none","duration":54.666,"formatVersion":"1","frameCount":644,"framerate":11.762338565104454,"frames":[{"exposure":0.0,"image":"frame_00000000.jpg","intrinsics":[547.2196044921875,547.2196044921875,349.81121826171875,268.565185546875,0.0],"location":{"altitude":112.63600158691406,"altitudeAccuracy":3.0540008544921875,"heading":105.80548095703125,"headingAccuracy":4.949506759643555,"headingTimestamp":1695121887000.0,"latitude":51.44685363769531,"longitude":7.034727573394775,"positionAccuracy":4.949506759643555,"positionSource":"corelocation","positionTimestamp":1695121887000.0},"pose":[-0.04364173859357834,0.007104071788489819,0.014205986633896828,-0.11263114213943481,-0.12283716350793839,-0.7001953721046448,0.6942275762557983],"pose4x4":[-0.010725021362304688,-0.9445192813873291,0.3282815217971802,0.0,0.999860405921936,-0.005918622016906738,0.015636742115020752,0.0,-0.012826278805732727,0.3284033238887787,0.9444504976272583,0.0,-0.04364173859357834,0.007104071788489819,0.014205986633896828,1.0],"resolution":[720,540],"sequence":0,"timestamp":1695121890.0,"tracking":2,"trackingReason":0},{"exposure":0.0,"image":"frame_00000001.jpg","intrinsics":[547.4392700195313,547.4392700195313,349.8153991699219,268.5946960449219,0.0],"location":{"altitude":112.63600158691406,"altitudeAccuracy":3.0540008544921875,"heading":105.80548095703125,"headingAccuracy":4.949506759643555,"headingTimestamp":1695121887000.0,"latitude":51.44685363769531,"longitude":7.034727573394775,"positionAccuracy":4.949506759643555,"positionSource":"corelocation","positionTimestamp":1695121887000.0},"pose":[-0.04346446320414543,0.00827883929014206,0.01466774009168148,-0.11367993801832199,-0.12209304422140121,-0.7015975117683411,0.6927704215049744],"pose4x4":[-0.014291524887084961,-0.9443329572677612,0.32868003845214844,0.0,0.9998511075973511,-0.010324358940124512,0.013812154531478882,0.0,-0.009649768471717834,0.3288285434246063,0.9443403482437134,0.0,-0.04346446320414543,0.00827883929014206,0.01466774009168148,1.0],"resolution":[720,540],"sequence":1,"timestamp":1695121890.1,"tracking":2,"trackingReason":0},{"exposure":0.0,"image":"frame_00000002.jpg","intrinsics":[547.8785400390625,547.8785400390625,349.7923583984375,268.6639709472656,0.0],"location":{"altitude":112.63600158691406,"altitudeAccuracy":3.0540008544921875,"heading":105.80548095703125,"headingAccuracy":4.949506759643555,"headingTimestamp":1695121887000.0,"latitude":51.44685363769531,"longitude":7.034727573394775,"positionAccuracy":4.949506759643555,"positionSource":"corelocation","positionTimestamp":1695121887000.0},"pose":[-0.04473409056663513,0.00901809148490429,0.01478227972984314,-0.11331447958946228,-0.1263377070426941,-0.7006609439849854,0.6930170059204102],"pose4x4":[-0.013773918151855469,-0.9425081014633179,0.3338984251022339,0.0,0.9997717142105103,-0.007531881332397461,0.019982069730758667,0.0,-0.016318291425704956,0.3340975046157837,0.9423972368240356,0.0,-0.04473409056663513,0.00901809148490429,0.01478227972984314,1.0],"resolution":[720,540],"sequence":2,"timestamp":1695121890.2,"tracking":2,"trackingReason":0},{"exposure":0.0,"image":"frame_00000003.jpg","intrinsics":[547.8785400390625,547.8785400390625,349.86395263671875,268.6068115234375,0.0],"location":{"altitude":112.63600158691406,"altitudeAccuracy":3.0540008544921875,"heading":105.80548095703125,"headingAccuracy":4.949506759643555,"headingTimestamp":1695121887000.0,"latitude":51.44685363769531,"longitude":7.034727573394775,"positionAccuracy":4.949506759643555,"positionSource":"corelocation","positionTimestamp":1695121887000.0},"pose":[-0.045964792370796204,0.008766209706664085,0.014677334576845169,-0.11258121579885483,-0.1286851018667221,-0.6998590230941772,0.6935151219367981],"pose4x4":[-0.012724995613098145,-0.9417505860328674,0.33607208728790283,0.0,0.9997007250785828,-0.004954338073730469,0.02396930754184723,0.0,-0.0209081768989563,0.33627641201019287,0.941531240940094,0.0,-0.045964792370796204,0.008766209706664085,0.014677334576845169,1.0],"resolution":[720,540],"sequence":3,"timestamp":1695121890.3,"tracking":2,"trackingReason":0},{"exposure":0.0,"image":"frame_00000004.jpg","intrinsics":[547.6588745117188,547.6588745117188,349.8170166015625,268.6103820800781,0.0],"location":{"altitude":112.63600158691406,"altitudeAccuracy":3.0540008544921875,"heading":105.80548095703125,"headingAccuracy":4.949506759643555,"headingTimestamp":1695121887000.0,"latitude":51.44685363769531,"longitude":7.034727573394775,"positionAccuracy":4.949506759643555,"positionSource":"corelocation","positionTimestamp":1695121887000.0},"pose":[-0.046429187059402466,0.008111916482448578,0.014897819608449936,-0.11173415184020996,-0.13057176768779755,-0.7000595927238464,0.693096935749054],"pose4x4":[-0.014264822006225586,-0.9412396550178528,0.3374389111995697,0.0,0.9995970129966736,-0.005135893821716309,0.027930840849876404,0.0,-0.024556666612625122,0.3377012610435486,0.9409329891204834,0.0,-0.046429187059402466,0.008111916482448578,0.014897819608449936,1.0],"resolution":[720,540],"sequence":4,"timestamp":1695121890.4,"tracking":2,"trackingReason":0},{"exposure":0.0,"image":"frame_00000005.jpg","intrinsics":[547.6588745117188,547.6588745117188,349.83917236328125,268.6103820800781,0.0],"location":{"altitude":112.63600158691406,"altitudeAccuracy":3.0540008544921875,"heading":105.80548095703125,"headingAccuracy":4.949506759643555,"headingTimestamp":1695121887000.0,"latitude":51.44685363769531,"longitude":7.034727573394775,"positionAccuracy":4.949506759643555,"positionSource":"corelocation","positionTimestamp":1695121887000.0},"pose":[-0.04682178795337677,0.008492402732372284,0.015531027689576149,-0.11089326441287994,-0.1323537677526474,-0.700137197971344,0.6928151845932007],"pose4x4":[-0.015419244766235352,-0.940777063369751,0.338674396276474,0.0,0.9994856119155884,-0.004978775978088379,0.031674519181251526,0.0,-0.028112411499023438,0.33898866176605225,0.9403703212738037,0.0,-0.04682178795337677,0.008492402732372284,0.015531027689576149,1.0],"resolution":[720,540],"sequence":5,"timestamp":1695121890.5,"tracking":2,"trackingReason":0},{"exposure":0.0,"image":"frame_00000006.jpg","intrinsics":[548.0982055664063,548.0982055664063,349.80206298828125,268.5675354003906,0.0],"location":{"altitude":112.63600158691406,"altitudeAccuracy":3.0540008544921875,"heading":105.80548095703125,"headingAccuracy":4.949506759643555,"headingTimestamp":1695121887000.0,"latitude":51.44685363769531,"longitude":7.034727573394775,"positionAccuracy":4.949506759643555,"positionSource":"corelocation","positionTimestamp":1695121887000.0},"pose":[-0.04680671542882919,0.008601188659667969,0.01605808734893799,-0.10958969593048096,-0.13288255035877228,-0.70048588514328,0.6925696730613708],"pose4x4":[-0.01667654514312744,-0.9411454796791077,0.3375928997993469,0.0,0.9993956685066223,-0.005380749702453613,0.03436771035194397,0.0,-0.03052876889705658,0.33796170353889465,0.9406646490097046,0.0,-0.04680671542882919,0.008601188659667969,0.01605808734893799,1.0],"resolution":[720,540],"sequence":6,"timestamp":1695121890.6,"tracking":2,"trackingReason":0},{"exposure":0.0,"image":"frame_00000007.jpg","intrinsics":[547.8785400390625,547.8785400390625,349.82757568359375,268.58538818359375,0.0],"location":{"altitude":112.63600158691406,"altitudeAccuracy":3.0540008544921875,"heading":105.80548095703125,"headingAccuracy":4.949506759643555,"headingTimestamp":1695121887000.0,"latitude":51.44685363769531,"longitude":7.034727573394775,"positionAccuracy":4.949506759643555,"positionSource":"corelocation","positionTimestamp":1695121887000.0},"pose":[-0.046696655452251434,0.008953772485256195,0.016261637210845947,-0.1086595356464386,-0.13365404307842255,-0.7007623910903931,0.6922873854637146],"pose4x4":[-0.017862677574157715,-0.9412123560905457,0.3373430371284485,0.0,0.9993035197257996,-0.0057495832443237305,0.03687220811843872,0.0,-0.0327649861574173,0.33776670694351196,0.9406594038009644,0.0,-0.046696655452251434,0.008953772485256195,0.016261637210845947,1.0],"resolution":[720,540],"sequence":7,"timestamp":1695121890.7,"tracking":2,"trackingReason":0},{"exposure":0.0,"image":"frame_00000008.jpg","intrinsics":[547.8785400390625,547.8785400390625,349.82366943359375,268.5603942871094,0.0],"location":{"altitude":112.63600158691406,"altitudeAccuracy":3.0540008544921875,"heading":105.80548095703125,"headingAccuracy":4.949506759643555,"headingTimestamp":1695121887000.0,"latitude":51.44685363769531,"longitude":7.034727573394775,"positionAccuracy":4.949506759643555,"positionSource":"corelocation","positionTimestamp":1695121887000.0},"pose":[-0.04661443457007408,0.008911341428756714,0.016144610941410065,-0.10702158510684967,-0.1339746117591858,-0.7008394598960876,0.6924022436141968],"pose4x4":[-0.018250346183776855,-0.9418492913246155,0.3355385661125183,0.0,0.9992019534111023,-0.005259156227111816,0.039585426449775696,0.0,-0.03551875054836273,0.33599334955215454,0.9411943554878235,0.0,-0.04661443457007408,0.008911341428756714,0.016144610941410065,1.0],"resolution":[720,540],"sequence":8,"timestamp":1695121890.8,"tracking":2,"trackingReason":0},{"exposure":0.0,"image":"frame_00000009.jpg","intrinsics":[547.8785400390625,547.8785400390625,349.8017272949219,268.5389709472656,0.0],"location":{"altitude":112.63600158691406,"altitudeAccuracy":3.0540008544921875,"heading":105.80548095703125,"headingAccuracy":4.949506759643555,"headingTimestamp":1695121887000.0,"latitude":51.44685363769531,"longitude":7.034727573394775,"positionAccuracy":4.949506759643555,"positionSource":"corelocation","positionTimestamp":1695121887000.0},"pose":[-0.04645754396915436,0.009243984706699848,0.016205644235014915,-0.1049402505159378,-0.13447889685630798,-0.7005488276481628,0.6929165720939636],"pose4x4":[-0.01770651340484619,-0.9426193237304688,0.333396852016449,0.0,0.9990682601928711,-0.0035622119903564453,0.04298838973045349,0.0,-0.0393337607383728,0.3338477313518524,0.9418059587478638,0.0,-0.04645754396915436,0.009243984706699848,0.016205644235014915,1.0],"resolution":[720,540],"sequence":9,"timestamp":1695121890.9,"tracking":2,"trackingReason":0},{"exposure":0.0,"image":"frame_00000010.jpg","intrinsics":[547.8785400390625,547.8785400390625,349.8147888183594,268.54327392578125,0.0],"location":{"altitude":112.63600158691406,"altitudeAccuracy":3.0540008544921875,"heading":105.80548095703125,"headingAccuracy":4.949506759643555,"headingTimestamp":1695121887000.0,"latitude":51.44685363769531,"longitude":7.034727573394775,"positionAccuracy":4.949506759643555,"positionSource":"corelocation","positionTimestamp":1695121887000.0},"pose":[-0.04600996896624565,0.010330635122954845,0.017021849751472473,-0.10153008997440338,-0.13427037000656128,-0.7000287175178528,0.6939904689788818],"pose4x4":[-0.01613748073577881,-0.9443615674972534,0.32851266860961914,0.0,0.9988914728164673,-0.0006971359252929688,0.047064393758773804,0.0,-0.04421675205230713,0.3289080560207367,0.9433262348175049,0.0,-0.04600996896624565,0.010330635122954845,0.017021849751472473,1.0],"resolution":[720,540],"sequence":10,"timestamp":1695121891.0,"tracking":2,"trackingReason":0},{"exposure":0.0,"image":"frame_00000011.jpg","intrinsics":[547.8785400390625,547.8785400390625,349.81903076171875,268.4712219238281,0.0],"location":{"altitude":112.63600158691406,"altitudeAccuracy":3.0540008544921875,"heading":105.80548095703125,"headingAccuracy":4.949506759643555,"headingTimestamp":1695121887000.0,"latitude":51.44685363769531,"longitude":7.034727573394775,"positionAccuracy":4.949506759643555,"positionSource":"corelocation","positionTimestamp":1695121887000.0},"pose":[-0.04554041847586632,0.011514991521835327,0.018221668899059296,-0.09837237000465393,-0.1339542120695114,-0.6998671889305115,0.6946690678596497],"pose4x4":[-0.015515565872192383,-0.9459973573684692,0.3238028883934021,0.0,0.9987069368362427,0.0010176301002502441,0.05082783102989197,0.0,-0.0484125018119812,0.3241727948188782,0.9447582960128784,0.0,-0.04554041847586632,0.011514991521835327,0.018221668899059296,1.0],"resolution":[720,540],"sequence":11,"timestamp":1695121891.083,"tracking":2,"trackingReason":0},{"exposure":0.0,"image":"frame_00000012.jpg","intrinsics":[547.8785400390625,547.8785400390625,349.7490234375,268.5218505859375,0.0],"location":{"altitude":112.63600158691406,"altitudeAccuracy":3.0540008544921875,"heading":105.80548095703125,"headingAccuracy":4.949506759643555,"headingTimestamp":1695121887000.0,"latitude":51.44685363769531,"longitude":7.034727573394775,"positionAccuracy":4.949506759643555,"positionSource":"corelocation","positionTimestamp":1695121887000.0},"pose":[-0.04487600922584534,0.012417741119861603,0.019621562212705612,-0.09527526795864105,-0.13326163589954376,-0.7000738978385925,0.6950257420539856],"pose4x4":[-0.01572418212890625,-0.947745680809021,0.31863999366760254,0.0,0.9985318183898926,0.0016383528709411621,0.054148465394973755,0.0,-0.05184108018875122,0.3190235197544098,0.9463279247283936,0.0,-0.04487600922584534,0.012417741119861603,0.019621562212705612,1.0],"resolution":[720,540],"sequence":12,"timestamp":1695121891.167,"tracking":2,"trackingReason":0},{"exposure":0.0,"image":"frame_00000013.jpg","intrinsics":[547.8785400390625,547.8785400390625,349.77105712890625,268.5090026855469,0.0],"location":{"altitude":112.63600158691406,"altitudeAccuracy":3.0540008544921875,"heading":105.80548095703125,"headingAccuracy":4.949506759643555,"headingTimestamp":1695121887000.0,"latitude":51.44685363769531,"longitude":7.034727573394775,"positionAccuracy":4.949506759643555,"positionSource":"corelocation","positionTimestamp":1695121887000.0},"pose":[-0.04414192587137222,0.01317325234413147,0.020839577540755272,-0.09169448167085648,-0.13350382447242737,-0.700380802154541,0.6951509118080139],"pose4x4":[-0.01671302318572998,-0.9492575526237488,0.3140527009963989,0.0,0.9982238411903381,0.0021176934242248535,0.059524014592170715,0.0,-0.05716849863529205,0.31449002027511597,0.9475377202033997,0.0,-0.04414192587137222,0.01317325234413147,0.020839577540755272,1.0],"resolution":[720,540],"sequence":13,"timestamp":1695121891.25,"tracking":2,"trackingReason":0},{"exposure":0.0,"image":"frame_00000014.jpg","intrinsics":[547.8785400390625,547.8785400390625,349.76080322265625,268.478271484375,0.0],"location":{"altitude":112.63600158691406,"altitudeAccuracy":3.0540008544921875,"heading":105.80548095703125,"headingAccuracy":4.949506759643555,"headingTimestamp":1695121887000.0,"latitude":51.44685363769531,"longitude":7.034727573394775,"positionAccuracy":4.949506759643555,"positionSource":"corelocation","positionTimestamp":1695121887000.0},"pose":[-0.04303152859210968,0.014263419434428215,0.022058963775634766,-0.08748744428157806,-0.13303104043006897,-0.7009634375572205,0.6951968669891357],"pose4x4":[-0.01809394359588623,-0.9513380527496338,0.30761653184890747,0.0,0.9978922605514526,0.001992464065551758,0.06485779583454132,0.0,-0.06231452524662018,0.3081417679786682,0.9492973685264587,0.0,-0.04303152859210968,0.014263419434428215,0.022058963775634766,1.0],"resolution":[720,540],"sequence":14,"timestamp":1695121891.333,"tracking":2,"trackingReason":0},{"exposure":0.0,"image":"frame_00000015.jpg","intrinsics":[548.0982055664063,548.0982055664063,349.7354736328125,268.4747009277344,0.0],"location":{"altitude":112.63600158691406,"altitudeAccuracy":3.0540008544921875,"heading":105.80548095703125,"headingAccuracy":4.949506759643555,"headingTimestamp":1695121887000.0,"latitude":51.44685363769531,"longitude":7.034727573394775,"positionAccuracy":4.949506759643555,"positionSource":"corelocation","positionTimestamp":1695121887000.0},"pose":[-0.041709840297698975,0.015212364494800568,0.023135099560022354,-0.08307058364152908,-0.13254456222057343,-0.7017013430595398,0.6950874924659729],"pose4x4":[-0.019905686378479004,-0.953466534614563,0.3008415997028351,0.0,0.9975087642669678,0.0014290213584899902,0.07053074985742569,0.0,-0.06767865270376205,0.30149605870246887,0.9510624408721924,0.0,-0.041709840297698975,0.015212364494800568,0.023135099560022354,1.0],"resolution":[720,540],"sequence":15,"timestamp":1695121891.416,"tracking":2,"trackingReason":0},{"exposure":0.0,"image":"frame_00000016.jpg","intrinsics":[548.0982055664063,548.0982055664063,349.7265930175781,268.45758056640625,0.0],"location":{"altitude":112.63600158691406,"altitudeAccuracy":3.0540008544921875,"heading":105.80548095703125,"headingAccuracy":4.949506759643555,"headingTimestamp":1695121887000.0,"latitude":51.44685363769531,"longitude":7.034727573394775,"positionAccuracy":4.949506759643555,"positionSource":"corelocation","positionTimestamp":1695121887000.0},"pose":[-0.04128090664744377,0.015538431704044342,0.024019312113523483,-0.07977564632892609,-0.1327025592327118,-0.7024677991867065,0.6946686506271362],"pose4x4":[-0.02214193344116211,-0.9547918438911438,0.2964482605457306,0.0,0.9971376061439514,0.0003496408462524414,0.07560326159000397,0.0,-0.07228896766901016,0.29727381467819214,0.9520517587661743,0.0,-0.04128090664744377,0.015538431704044342,0.024019312113523483,1.0],"resolution":[720,540],"sequence":16,"timestamp":1695121891.5,"tracking":2,"trackingReason":0},{"exposure":0.0,"image":"frame_00000017.jpg","intrinsics":[547.8785400390625,547.8785400390625,349.6924133300781,268.50042724609375,0.0],"location":{"altitude":112.63600158691406,"altitudeAccuracy":3.0540008544921875,"heading":105.80548095703125,"headingAccuracy":4.949506759643555,"headingTimestamp":1695121887000.0,"latitude":51.44685363769531,"longitude":7.034727573394775,"positionAccuracy":4.949506759643555,"positionSource":"corelocation","positionTimestamp":1695121887000.0},"pose":[-0.040900181978940964,0.014837592840194702,0.023668687790632248,-0.07580772787332535,-0.13424275815486908,-0.7034271359443665,0.6938458681106567],"pose4x4":[-0.025661706924438477,-0.9557867646217346,0.2929379940032959,0.0,0.9964932799339294,-0.0011131763458251953,0.0836622416973114,0.0,-0.07963714003562927,0.2940577566623688,0.9524641633033752,0.0,-0.040900181978940964,0.014837592840194702,0.023668687790632248,1.0],"resolution":[720,540],"sequence":17,"timestamp":1695121891.6,"tracking":2,"trackingReason":0},{"exposure":0.0,"image":"frame_00000018.jpg","intrinsics":[547.8785400390625,547.8785400390625,349.67071533203125,268.4961242675781,0.0],"location":{"altitude":112.63600158691406,"altitudeAccuracy":3.0540008544921875,"heading":105.80548095703125,"headingAccuracy":4.949506759643555,"headingTimestamp":1695121887000.0,"latitude":51.44685363769531,"longitude":7.034727573394775,"positionAccuracy":4.949506759643555,"positionSource":"corelocation","positionTimestamp":1695121887000.0},"pose":[-0.03951498866081238,0.014489449560642242,0.0234835147857666,-0.07282717525959015,-0.13575126230716705,-0.7041833400726318,0.6931048035621643],"pose4x4":[-0.028605103492736816,-0.9563729166984558,0.2907470762729645,0.0,0.9959184527397156,-0.00235593318939209,0.09023383259773254,0.0,-0.08561233431100845,0.29214128851890564,0.9525355696678162,0.0,-0.03951498866081238,0.014489449560642242,0.0234835147857666,1.0],"resolution":[720,540],"sequence":18,"timestamp":1695121891.683,"tracking":2,"trackingReason":0},{"exposure":0.0,"image":"frame_00000019.jpg","intrinsics":[548.0982055664063,548.0982055664063,349.6883850097656,268.4925537109375,0.0],"location":{"altitude":112.63600158691406,"altitudeAccuracy":3.0540008544921875,"heading":105.80548095703125,"headingAccuracy":4.949506759643555,"headingTimestamp":1695121887000.0,"latitude":51.44685363769531,"longitude":7.034727573394775,"positionAccuracy":4.949506759643555,"positionSource":"corelocation","positionTimestamp":1695121887000.0},"pose":[-0.03860209137201309,0.014927524141967297,0.02391071990132332,-0.06897608190774918,-0.13740743696689606,-0.7048739790916443,0.692469596862793],"pose4x4":[-0.03145623207092285,-0.9572519659996033,0.28753983974456787,0.0,0.9951632618904114,-0.0032100677490234375,0.09818217158317566,0.0,-0.09306205064058304,0.28923752903938293,0.95272296667099,0.0,-0.03860209137201309,0.014927524141967297,0.02391071990132332,1.0],"resolution":[720,540],"sequence":19,"timestamp":1695121891.766,"tracking":2,"trackingReason":0},{"exposure":0.0,"image":"frame_00000020.jpg","intrinsics":[548.0982055664063,548.0982055664063,349.70965576171875,268.4918518066406,0.0],"location":{"altitude":112.63600158691406,"altitudeAccuracy":3.0540008544921875,"heading":105.80548095703125,"headingAccuracy":4.949506759643555,"headingTimestamp":1695121887000.0,"latitude":51.44685363769531,"longitude":7.034727573394775,"positionAccuracy":4.949506759643555,"positionSource":"corelocation","positionTimestamp":1695121887000.0},"pose":[-0.03780791535973549,0.014370804652571678,0.023764798417687416,-0.06495396792888641,-0.1392439305782318,-0.7053525447845459,0.6920042634010315],"pose4x4":[-0.03382217884063721,-0.9581250548362732,0.28434568643569946,0.0,0.9943028092384338,-0.0034824609756469727,0.10653528571128845,0.0,-0.10108388960361481,0.2863289713859558,0.9527842402458191,0.0,-0.03780791535973549,0.014370804652571678,0.023764798417687416,1.0],"resolution":[720,540],"sequence":20,"timestamp":1695121891.85,"tracking":2,"trackingReason":0},{"exposure":0.0,"image":"frame_00000021.jpg","intrinsics":[547.8785400390625,547.8785400390625,349.66162109375,268.4961242675781,0.0],"location":{"altitude":112.63600158691406,"altitudeAccuracy":3.0540008544921875,"heading":105.80548095703125,"headingAccuracy":4.949506759643555,"headingTimestamp":1695121887000.0,"latitude":51.44685363769531,"longitude":7.034727573394775,"positionAccuracy":4.949506759643555,"positionSource":"corelocation","positionTimestamp":1695121887000.0},"pose":[-0.036580704152584076,0.013806678354740143,0.023532576858997345,-0.06025293469429016,-0.14209914207458496,-0.7060554027557373,0.6911318898200989],"pose4x4":[-0.03741276264190674,-0.9588310718536377,0.28150230646133423,0.0,0.9930785894393921,-0.00428926944732666,0.11737428605556488,0.0,-0.1113346740603447,0.2839452028274536,0.9523548483848572,0.0,-0.036580704152584076,0.013806678354740143,0.023532576858997345,1.0],"resolution":[720,540],"sequence":21,"timestamp":1695121891.95,"tracking":2,"trackingReason":0},{"exposure":0.0,"image":"frame_00000022.jpg","intrinsics":[548.0982055664063,548.0982055664063,349.66961669921875,268.4361572265625,0.0],"location":{"altitude":112.63600158691406,"altitudeAccuracy":3.0540008544921875,"heading":105.80548095703125,"headingAccuracy":4.949506759643555,"headingTimestamp":1695121887000.0,"latitude":51.44685363769531,"longitude":7.034727573394775,"positionAccuracy":4.949506759643555,"positionSource":"corelocation","positionTimestamp":1695121887000.0},"pose":[-0.034980159252882004,0.013607755303382874,0.023166369646787643,-0.05590346083045006,-0.14497652649879456,-0.7061015963554382,0.6908524036407471],"pose4x4":[-0.03919529914855957,-0.9594146013259888,0.2792617976665497,0.0,0.9918333292007446,-0.0034093856811523438,0.127494215965271,0.0,-0.12136771529912949,0.28197839856147766,0.9517132043838501,0.0,-0.034980159252882004,0.013607755303382874,0.023166369646787643,1.0],"resolution":[720,540],"sequence":22,"timestamp":1695121892.05,"tracking":2,"trackingReason":0},{"exposure":0.0,"image":"frame_00000023.jpg","intrinsics":[547.8785400390625,547.8785400390625,349.69183349609375,268.4490051269531,0.0],"location":{"altitude":112.63600158691406,"altitudeAccuracy":3.0540008544921875,"heading":105.80548095703125,"headingAccuracy":4.949506759643555,"headingTimestamp":1695121887000.0,"latitude":51.44685363769531,"longitude":7.034727573394775,"positionAccuracy":4.949506759643555,"positionSource":"corelocation","positionTimestamp":1695121887000.0},"pose":[-0.033822719007730484,0.013470619916915894,0.022816050797700882,-0.050813183188438416,-0.14771950244903564,-0.7062903046607971,0.6904712319374084],"pose4x4":[-0.04133415222167969,-0.960334062576294,0.27576982975006104,0.0,0.9903584718704224,-0.0028558969497680664,0.13849562406539917,0.0,-0.13221441209316254,0.2788357734680176,0.9511939287185669,0.0,-0.033822719007730484,0.013470619916915894,0.022816050797700882,1.0],"resolution":[720,540],"sequence":23,"timestamp":1695121892.133,"tracking":2,"trackingReason":0},{"exposure":0.0,"image":"frame_00000024.jpg","intrinsics":[548.0982055664063,548.0982055664063,349.644775390625,268.5132751464844,0.0],"location":{"altitude":112.63600158691406,"altitudeAccuracy":3.0540008544921875,"heading":105.80548095703125,"headingAccuracy":4.949506759643555,"headingTimestamp":1695121887000.0,"latitude":51.44685363769531,"longitude":7.034727573394775,"positionAccuracy":4.949506759643555,"positionSource":"corelocation","positionTimestamp":1695121887000.0},"pose":[-0.03216761723160744,0.013222873210906982,0.022691797465085983,-0.046338003128767014,-0.15174533426761627,-0.7067216634750366,0.6894715428352356],"pose4x4":[-0.04496431350708008,-0.9604657888412476,0.27474433183670044,0.0,0.9885921478271484,-0.003205418586730957,0.15058594942092896,0.0,-0.14375203847885132,0.2783809006214142,0.9496523141860962,0.0,-0.03216761723160744,0.013222873210906982,0.022691797465085983,1.0],"resolution":[720,540],"sequence":24,"timestamp":1695121892.216,"tracking":2,"trackingReason":0},{"exposure":0.0,"image":"frame_00000025.jpg","intrinsics":[547.6588745117188,547.6588745117188,349.67071533203125,268.4961242675781,0.0],"location":{"altitude":112.63600158691406,"altitudeAccuracy":3.0540008544921875,"heading":105.80548095703125,"headingAccuracy":4.949506759643555,"headingTimestamp":1695121887000.0,"latitude":51.44685363769531,"longitude":7.034727573394775,"positionAccuracy":4.949506759643555,"positionSource":"corelocation","positionTimestamp":1695121887000.0},"pose":[-0.03147546201944351,0.01257023960351944,0.022619983181357384,-0.04097024351358414,-0.1550237238407135,-0.7069736123085022,0.6888232231140137],"pose4x4":[-0.04768800735473633,-0.9612569808959961,0.2714976370334625,0.0,0.9866623878479004,-0.002980470657348633,0.16275285184383392,0.0,-0.15563812851905823,0.2756378650665283,0.9485781788825989,0.0,-0.03147546201944351,0.01257023960351944,0.022619983181357384,1.0],"resolution":[720,540],"sequence":25,"timestamp":1695121892.299,"tracking":2,"trackingReason":0},{"exposure":0.0,"image":"frame_00000026.jpg","intrinsics":[547.8785400390625,547.8785400390625,349.6453857421875,268.5561218261719,0.0],"location":{"altitude":112.63600158691406,"altitudeAccuracy":3.0540008544921875,"heading":105.80548095703125,"headingAccuracy":4.949506759643555,"headingTimestamp":1695121887000.0,"latitude":51.44685363769531,"longitude":7.034727573394775,"positionAccuracy":4.949506759643555,"positionSource":"corelocation","positionTimestamp":1695121887000.0},"pose":[-0.031878676265478134,0.01337791234254837,0.023307064548134804,-0.03642725944519043,-0.1581050306558609,-0.7075046300888062,0.6878323554992676],"pose4x4":[-0.05111992359161377,-0.9617704749107361,0.269044429063797,0.0,0.9848077893257141,-0.0037794113159179688,0.17360839247703552,0.0,-0.1659546047449112,0.2738317847251892,0.9473516941070557,0.0,-0.031878676265478134,0.01337791234254837,0.023307064548134804,1.0],"resolution":[720,540],"sequence":26,"timestamp":1695121892.383,"tracking":2,"trackingReason":0},{"exposure":0.0,"image":"frame_00000027.jpg","intrinsics":[547.6588745117188,547.6588745117188,349.60174560546875,268.5304260253906,0.0],"location":{"altitude":112.63600158691406,"altitudeAccuracy":3.0540008544921875,"heading":105.80548095703125,"headingAccuracy":4.949506759643555,"headingTimestamp":1695121887000.0,"latitude":51.44685363769531,"longitude":7.034727573394775,"positionAccuracy":4.949506759643555,"positionSource":"corelocation","positionTimestamp":1695121887000.0},"pose":[-0.030530890449881554,0.01337046455591917,0.023701423779129982,-0.03280886635184288,-0.1607016623020172,-0.7082265615463257,0.6866686344146729],"pose4x4":[-0.05481982231140137,-0.9620890617370605,0.2671698033809662,0.0,0.9831788539886475,-0.005322575569152832,0.1825687289237976,0.0,-0.1742253601551056,0.2726840078830719,0.9461970925331116,0.0,-0.030530890449881554,0.01337046455591917,0.023701423779129982,1.0],"resolution":[720,540],"sequence":27,"timestamp":1695121892.466,"tracking":2,"trackingReason":0},{"exposure":0.0,"image":"frame_00000028.jpg","intrinsics":[548.0982055664063,548.0982055664063,349.6344909667969,268.5104064941406,0.0],"location":{"altitude":112.63600158691406,"altitudeAccuracy":3.0540008544921875,"heading":105.80548095703125,"headingAccuracy":4.949506759643555,"headingTimestamp":1695121887000.0,"latitude":51.44685363769531,"longitude":7.034727573394775,"positionAccuracy":4.949506759643555,"positionSource":"corelocation","positionTimestamp":1695121887000.0},"pose":[-0.028928343206644058,0.013540266081690788,0.02423202246427536,-0.029083015397191048,-0.16381408274173737,-0.7085562944412231,0.6857602596282959],"pose4x4":[-0.05777406692504883,-0.9622710943222046,0.2658882737159729,0.0,0.9813278913497925,-0.005795717239379883,0.19225504994392395,0.0,-0.18346047401428223,0.27203094959259033,0.9446382522583008,0.0,-0.028928343206644058,0.013540266081690788,0.02423202246427536,1.0],"resolution":[720,540],"sequence":28,"timestamp":1695121892.549,"tracking":2,"trackingReason":0},{"exposure":0.0,"image":"frame_00000029.jpg","intrinsics":[547.6588745117188,547.6588745117188,349.6160888671875,268.6456298828125,0.0],"location":{"altitude":112.63600158691406,"altitudeAccuracy":3.0540008544921875,"heading":105.80548095703125,"headingAccuracy":4.949506759643555,"headingTimestamp":1695121887000.0,"latitude":51.44685363769531,"longitude":7.034727573394775,"positionAccuracy":4.949506759643555,"positionSource":"corelocation","positionTimestamp":1695121887000.0},"pose":[-0.0274142324924469,0.013623816892504692,0.025073902681469917,-0.025840532034635544,-0.16717024147510529,-0.7087379693984985,0.6848913431167603],"pose4x4":[-0.06051075458526611,-0.9621774554252625,0.26561522483825684,0.0,0.9794564843177795,-0.0059545040130615234,0.20156389474868774,0.0,-0.1923585683107376,0.27235570549964905,0.9427727460861206,0.0,-0.0274142324924469,0.013623816892504692,0.025073902681469917,1.0],"resolution":[720,540],"sequence":29,"timestamp":1695121892.633,"tracking":2,"trackingReason":0},{"exposure":0.0,"image":"frame_00000030.jpg","intrinsics":[547.8785400390625,547.8785400390625,349.6626281738281,268.54754638671875,0.0],"location":{"altitude":112.63600158691406,"altitudeAccuracy":3.0540008544921875,"heading":105.80548095703125,"headingAccuracy":4.949506759643555,"headingTimestamp":1695121887000.0,"latitude":51.44685363769531,"longitude":7.034727573394775,"positionAccuracy":4.949506759643555,"positionSource":"corelocation","positionTimestamp":1695121887000.0},"pose":[-0.02550242282450199,0.013856138102710247,0.02511669509112835,-0.0229784045368433,-0.17014926671981812,-0.7092396020889282,0.6837397217750549],"pose4x4":[-0.06394314765930176,-0.9620510339736938,0.26527002453804016,0.0,0.9776901006698608,-0.007097601890563965,0.20993070304393768,0.0,-0.2000812292098999,0.27277570962905884,0.941042423248291,0.0,-0.02550242282450199,0.013856138102710247,0.02511669509112835,1.0],"resolution":[720,540],"sequence":30,"timestamp":1695121892.716,"tracking":2,"trackingReason":0},{"exposure":0.0,"image":"frame_00000031.jpg","intrinsics":[547.6588745117188,547.6588745117188,349.6390686035156,268.57110595703125,0.0],"location":{"altitude":112.63600158691406,"altitudeAccuracy":3.0540008544921875,"heading":105.80548095703125,"headingAccuracy":4.949506759643555,"headingTimestamp":1695121887000.0,"latitude":51.44685363769531,"longitude":7.034727573394775,"positionAccuracy":4.949506759643555,"positionSource":"corelocation","positionTimestamp":1695121887000.0},"pose":[-0.024903539568185806,0.01349162869155407,0.025360574945807457,-0.020146135240793228,-0.17242974042892456,-0.7102280855178833,0.6822305917739868],"pose4x4":[-0.06831181049346924,-0.9621310830116272,0.2638903856277466,0.0,0.9760262370109558,-0.009659528732299805,0.21744026243686676,0.0,-0.20665699243545532,0.27241748571395874,0.9397242069244385,0.0,-0.024903539568185806,0.01349162869155407,0.025360574945807457,1.0],"resolution":[720,540],"sequence":31,"timestamp":1695121892.799,"tracking":2,"trackingReason":0},{"exposure":0.0,"image":"frame_00000032.jpg","intrinsics":[547.8785400390625,547.8785400390625,349.65374755859375,268.59246826171875,0.0],"location":{"altitude":112.63600158691406,"altitudeAccuracy":3.0540008544921875,"heading":105.80548095703125,"headingAccuracy":4.949506759643555,"headingTimestamp":1695121887000.0,"latitude":51.44685363769531,"longitude":7.034727573394775,"positionAccuracy":4.949506759643555,"positionSource":"corelocation","positionTimestamp":1695121887000.0},"pose":[-0.024260535836219788,0.013315466232597828,0.025517025962471962,-0.01880226656794548,-0.17419037222862244,-0.7110763192176819,0.6809362173080444],"pose4x4":[-0.07194364070892334,-0.9618448615074158,0.26396477222442627,0.0,0.974945604801178,-0.011966109275817871,0.22211900353431702,0.0,-0.21048538386821747,0.27333158254623413,0.9386084079742432,0.0,-0.024260535836219788,0.013315466232597828,0.025517025962471962,1.0],"resolution":[720,540],"sequence":32,"timestamp":1695121892.883,"tracking":2,"trackingReason":0},{"exposure":0.0,"image":"frame_00000033.jpg","intrinsics":[547.8785400390625,547.8785400390625,349.6105041503906,268.60650634765625,0.0],"location":{"altitude":112.63600158691406,"altitudeAccuracy":3.0540008544921875,"heading":105.80548095703125,"headingAccuracy":4.949506759643555,"headingTimestamp":1695121887000.0,"latitude":51.44685363769531,"longitude":7.034727573394775,"positionAccuracy":4.949506759643555,"positionSource":"corelocation","positionTimestamp":1695121887000.0},"pose":[-0.023028749972581863,0.013318277895450592,0.025790182873606682,-0.01833532191812992,-0.17536762356758118,-0.7113440632820129,0.6803672909736633],"pose4x4":[-0.07352828979492188,-0.9615195989608765,0.26471424102783203,0.0,0.9743813276290894,-0.012693047523498535,0.22454392910003662,0.0,-0.2125433385372162,0.2744429409503937,0.9378200173377991,0.0,-0.023028749972581863,0.013318277895450592,0.025790182873606682,1.0],"resolution":[720,540],"sequence":33,"timestamp":1695121892.983,"tracking":2,"trackingReason":0},{"exposure":0.0,"image":"frame_00000034.jpg","intrinsics":[547.8785400390625,547.8785400390625,349.6029357910156,268.57110595703125,0.0],"location":{"altitude":112.63600158691406,"altitudeAccuracy":3.0540008544921875,"heading":105.80548095703125,"headingAccuracy":4.949506759643555,"headingTimestamp":1695121887000.0,"latitude":51.44685363769531,"longitude":7.034727573394775,"positionAccuracy":4.949506759643555,"positionSource":"corelocation","positionTimestamp":1695121887000.0},"pose":[-0.021564524620771408,0.013570806011557579,0.026670604944229126,-0.018230902031064034,-0.17570622265338898,-0.7113712430000305,0.6802542209625244],"pose4x4":[-0.07384347915649414,-0.9614200592041016,0.26498767733573914,0.0,0.9742331504821777,-0.012762784957885742,0.22518141567707062,0.0,-0.21311190724372864,0.2747880220413208,0.9375898838043213,0.0,-0.021564524620771408,0.013570806011557579,0.026670604944229126,1.0],"resolution":[720,540],"sequence":34,"timestamp":1695121893.083,"tracking":2,"trackingReason":0},{"exposure":0.0,"image":"frame_00000035.jpg","intrinsics":[547.8785400390625,547.8785400390625,349.6199951171875,268.60736083984375,0.0],"location":{"altitude":112.63600158691406,"altitudeAccuracy":3.0540008544921875,"heading":105.80548095703125,"headingAccuracy":4.949506759643555,"headingTimestamp":1695121887000.0,"latitude":51.44685363769531,"longitude":7.034727573394775,"positionAccuracy":4.949506759643555,"positionSource":"corelocation","positionTimestamp":1695121887000.0},"pose":[-0.02116435021162033,0.013533644378185272,0.027306638658046722,-0.017216693609952927,-0.17566905915737152,-0.7110991477966309,0.680574893951416],"pose4x4":[-0.07304322719573975,-0.9618635773658752,0.2635974586009979,0.0,0.9739612936973572,-0.011916875839233398,0.22640173137187958,0.0,-0.21462634205818176,0.27327072620391846,0.9376879334449768,0.0,-0.02116435021162033,0.013533644378185272,0.027306638658046722,1.0],"resolution":[720,540],"sequence":35,"timestamp":1695121893.166,"tracking":2,"trackingReason":0},{"exposure":0.0,"image":"frame_00000036.jpg","intrinsics":[547.8785400390625,547.8785400390625,349.61541748046875,268.5859375,0.0],"location":{"altitude":112.63600158691406,"altitudeAccuracy":3.0540008544921875,"heading":105.80548095703125,"headingAccuracy":4.949506759643555,"headingTimestamp":1695121887000.0,"latitude":51.44685363769531,"longitude":7.034727573394775,"positionAccuracy":4.949506759643555,"positionSource":"corelocation","positionTimestamp":1695121887000.0},"pose":[-0.020250767469406128,0.013305678963661194,0.02793402224779129,-0.016629422083497047,-0.17481055855751038,-0.7116075754165649,0.6802791357040405],"pose4x4":[-0.07388806343078613,-0.9623695611953735,0.26150721311569214,0.0,0.9739975929260254,-0.013323783874511719,0.2261677384376526,0.0,-0.21417270600795746,0.27141833305358887,0.9383294582366943,0.0,-0.020250767469406128,0.013305678963661194,0.02793402224779129,1.0],"resolution":[720,540],"sequence":36,"timestamp":1695121893.249,"tracking":2,"trackingReason":0},{"exposure":0.0,"image":"frame_00000037.jpg","intrinsics":[547.8785400390625,547.8785400390625,349.62103271484375,268.5746765136719,0.0],"location":{"altitude":112.63600158691406,"altitudeAccuracy":3.0540008544921875,"heading":105.80548095703125,"headingAccuracy":4.949506759643555,"headingTimestamp":1695121887000.0,"latitude":51.44685363769531,"longitude":7.034727573394775,"positionAccuracy":4.949506759643555,"positionSource":"corelocation","positionTimestamp":1695121887000.0},"pose":[-0.01941744238138199,0.013254508376121521,0.028454583138227463,-0.017482925206422806,-0.1738402247428894,-0.7115630507469177,0.6805524826049805],"pose4x4":[-0.07308483123779297,-0.9624335169792175,0.2614952027797699,0.0,0.9745904803276062,-0.01325523853302002,0.22360046207904816,0.0,-0.21173438429832458,0.27119266986846924,0.938947856426239,0.0,-0.01941744238138199,0.013254508376121521,0.028454583138227463,1.0],"resolution":[720,540],"sequence":37,"timestamp":1695121893.332,"tracking":2,"trackingReason":0},{"exposure":0.0,"image":"frame_00000038.jpg","intrinsics":[547.8785400390625,547.8785400390625,349.6103210449219,268.5303039550781,0.0],"location":{"altitude":112.63600158691406,"altitudeAccuracy":3.0540008544921875,"heading":105.80548095703125,"headingAccuracy":4.949506759643555,"headingTimestamp":1695121887000.0,"latitude":51.44685363769531,"longitude":7.034727573394775,"positionAccuracy":4.949506759643555,"positionSource":"corelocation","positionTimestamp":1695121887000.0},"pose":[-0.018983690068125725,0.013845935463905334,0.029259879142045975,-0.018423618748784065,-0.17148946225643158,-0.7114999890327454,0.6811895966529846],"pose4x4":[-0.0712817907333374,-0.9630138278007507,0.25985050201416016,0.0,0.9756516814231873,-0.013143420219421387,0.21892955899238586,0.0,-0.20741687715053558,0.2691294550895691,0.9405038952827454,0.0,-0.018983690068125725,0.013845935463905334,0.029259879142045975,1.0],"resolution":[720,540],"sequence":38,"timestamp":1695121893.416,"tracking":2,"trackingReason":0},{"exposure":0.0,"image":"frame_00000039.jpg","intrinsics":[547.8785400390625,547.8785400390625,349.6229553222656,268.4918518066406,0.0],"location":{"altitude":112.63600158691406,"altitudeAccuracy":3.0540008544921875,"heading":105.80548095703125,"headingAccuracy":4.949506759643555,"headingTimestamp":1695121887000.0,"latitude":51.44685363769531,"longitude":7.034727573394775,"positionAccuracy":4.949506759643555,"positionSource":"corelocation","positionTimestamp":1695121887000.0},"pose":[-0.017685268074274063,0.014322435483336449,0.030414490029215813,-0.019684402272105217,-0.1681337058544159,-0.7121127247810364,0.6813510656356812],"po