{"app":"com.DefaultCompany.Tutorial-Series-ARDK3-Meshing-AliveStudios","autofocus":1,"captureGroup":{"sequence":0,"uuid":"018aeb50-636d-7021-8005-ba7b0000ffff"},"coordinates":"opengl","depthSource":"none","duration":47.385,"formatVersion":"1","frameCount":554,"framerate":11.670359818507967,"frames":[{"exposure":0.0,"image":"frame_00000000.jpg","intrinsics":[548.7571411132813,548.7571411132813,349.4678955078125,268.6622619628906,0.0],"location":{"altitude":112.9048843383789,"altitudeAccuracy":2.7956182956695557,"heading":46.316375732421875,"headingAccuracy":5.099907398223877,"headingTimestamp":1696165017000.0,"latitude":51.44694900512695,"longitude":7.034719944000244,"positionAccuracy":5.099907398223877,"positionSource":"corelocation","positionTimestamp":1696165017000.0},"pose":[0.7460538744926453,-0.014171350747346878,3.6839051246643066,0.18665069341659546,-0.3389308452606201,-0.6885534524917603,0.6133354902267456],"pose4x4":[-0.17795991897583008,-0.9711518883705139,0.15871867537498474,0.0,0.718105137348175,-0.017888665199279785,0.6957030296325684,0.0,-0.6727945804595947,0.23778501152992249,0.7005748152732849,0.0,0.7460538744926453,-0.014171350747346878,3.6839051246643066,1.0],"resolution":[720,540],"sequence":0,"timestamp":1696165028.0,"tracking":2,"trackingReason":0},{"exposure":0.0,"image":"frame_00000001.jpg","intrinsics":[548.31787109375,548.31787109375,349.4298400878906,268.7012023925781,0.0],"location":{"altitude":112.9048843383789,"altitudeAccuracy":2.7956182956695557,"heading":46.316375732421875,"headingAccuracy":5.099907398223877,"headingTimestamp":1696165017000.0,"latitude":51.44694900512695,"longitude":7.034719944000244,"positionAccuracy":5.099907398223877,"positionSource":"corelocation","positionTimestamp":1696165017000.0},"pose":[0.7452465295791626,-0.013264589011669159,3.684056520462036,0.18538381159305573,-0.33814001083374023,-0.6884470582008362,0.6142756938934326],"pose4x4":[-0.1765960454940796,-0.9711639881134033,0.16016849875450134,0.0,0.7204211950302124,-0.016653060913085938,0.693336546421051,0.0,-0.6706762313842773,0.23782946169376373,0.7025883197784424,0.0,0.7452465295791626,-0.013264589011669159,3.684056520462036,1.0],"resolution":[720,540],"sequence":1,"timestamp":1696165028.1,"tracking":2,"trackingReason":0},{"exposure":0.0,"image":"frame_00000002.jpg","intrinsics":[548.7571411132813,548.7571411132813,349.457763671875,268.5765686035156,0.0],"location":{"altitude":112.9048843383789,"altitudeAccuracy":2.7956182956695557,"heading":46.316375732421875,"headingAccuracy":5.099907398223877,"headingTimestamp":1696165017000.0,"latitude":51.44694900512695,"longitude":7.034719944000244,"positionAccuracy":5.099907398223877,"positionSource":"corelocation","positionTimestamp":1696165017000.0},"pose":[0.7431976795196533,-0.012666705995798111,3.6848621368408203,0.18566864728927612,-0.3379855453968048,-0.6871289014816284,0.6157488226890564],"pose4x4":[-0.1727607250213623,-0.9717042446136475,0.16107183694839478,0.0,0.7206909656524658,-0.013237953186035156,0.6931297779083252,0.0,-0.6713849902153015,0.23582877218723297,0.7025858163833618,0.0,0.7431976795196533,-0.012666705995798111,3.6848621368408203,1.0],"resolution":[720,540],"sequence":2,"timestamp":1696165028.2,"tracking":2,"trackingReason":0},{"exposure":0.0,"image":"frame_00000003.jpg","intrinsics":[548.5375366210938,548.5375366210938,349.4544677734375,268.6236877441406,0.0],"location":{"altitude":112.9048843383789,"altitudeAccuracy":2.7956182956695557,"heading":46.316375732421875,"headingAccuracy":5.099907398223877,"headingTimestamp":1696165017000.0,"latitude":51.44694900512695,"longitude":7.034719944000244,"positionAccuracy":5.099907398223877,"positionSource":"corelocation","positionTimestamp":1696165017000.0},"pose":[0.7418622970581055,-0.011798199266195297,3.685110330581665,0.18558621406555176,-0.3386521339416504,-0.685746431350708,0.6169474124908447],"pose4x4":[-0.16986680030822754,-0.9718372821807861,0.16333094239234924,0.0,0.7204406261444092,-0.009380817413330078,0.6934528350830078,0.0,-0.6723912954330444,0.23546510934829712,0.7017449736595154,0.0,0.7418622970581055,-0.011798199266195297,3.685110330581665,1.0],"resolution":[720,540],"sequence":3,"timestamp":1696165028.3,"tracking":2,"trackingReason":0},{"exposure":0.0,"image":"frame_00000004.jpg","intrinsics":[548.31787109375,548.31787109375,349.4458923339844,268.6326599121094,0.0],"location":{"altitude":112.9048843383789,"altitudeAccuracy":2.7956182956695557,"heading":46.316375732421875,"headingAccuracy":5.099907398223877,"headingTimestamp":1696165017000.0,"latitude":51.44694900512695,"longitude":7.034719944000244,"positionAccuracy":5.099907398223877,"positionSource":"corelocation","positionTimestamp":1696165017000.0},"pose":[0.7412526607513428,-0.011070583015680313,3.6855275630950928,0.18631353974342346,-0.33732646703720093,-0.6857492327690125,0.6174514293670654],"pose4x4":[-0.1680823564529419,-0.9725306630134583,0.1610366702079773,0.0,0.721136748790741,-0.009929537773132324,0.6927218437194824,0.0,-0.6720941662788391,0.23256359994411469,0.7029962539672852,0.0,0.7412526607513428,-0.011070583015680313,3.6855275630950928,1.0],"resolution":[720,540],"sequence":4,"timestamp":1696165028.4,"tracking":2,"trackingReason":0},{"exposure":0.0,"image":"frame_00000005.jpg","intrinsics":[548.0982055664063,548.0982055664063,349.47100830078125,268.55560302734375,0.0],"location":{"altitude":112.9048843383789,"altitudeAccuracy":2.7956182956695557,"heading":46.316375732421875,"headingAccuracy":5.099907398223877,"headingTimestamp":1696165017000.0,"latitude":51.44694900512695,"longitude":7.034719944000244,"positionAccuracy":5.099907398223877,"positionSource":"corelocation","positionTimestamp":1696165017000.0},"pose":[0.740448534488678,-0.010659599676728249,3.685828447341919,0.18648973107337952,-0.3361310660839081,-0.6860345602035522,0.6177334189414978],"pose4x4":[-0.16725504398345947,-0.9729428887367249,0.15940198302268982,0.0,0.7222029566764832,-0.010843753814697266,0.6915969252586365,0.0,-0.671155571937561,0.23079317808151245,0.7044749855995178,0.0,0.740448534488678,-0.010659599676728249,3.685828447341919,1.0],"resolution":[720,540],"sequence":5,"timestamp":1696165028.5,"tracking":2,"trackingReason":0},{"exposure":0.0,"image":"frame_00000006.jpg","intrinsics":[548.31787109375,548.31787109375,349.4743957519531,268.4742126464844,0.0],"location":{"altitude":112.9048843383789,"altitudeAccuracy":2.7956182956695557,"heading":46.316375732421875,"headingAccuracy":5.099907398223877,"headingTimestamp":1696165017000.0,"latitude":51.44694900512695,"longitude":7.034719944000244,"positionAccuracy":5.099907398223877,"positionSource":"corelocation","positionTimestamp":1696165017000.0},"pose":[0.7391382455825806,-0.010645270347595215,3.685189962387085,0.1861780285835266,-0.3349427282810211,-0.6856818795204163,0.6188628673553467],"pose4x4":[-0.16469252109527588,-0.973404049873352,0.1592494249343872,0.0,0.7239681482315063,-0.009643793106079102,0.6897656917572021,0.0,-0.6698850393295288,0.22889098525047302,0.7063022255897522,0.0,0.7391382455825806,-0.010645270347595215,3.685189962387085,1.0],"resolution":[720,540],"sequence":6,"timestamp":1696165028.6,"tracking":2,"trackingReason":0},{"exposure":0.0,"image":"frame_00000007.jpg","intrinsics":[548.31787109375,548.31787109375,349.4575500488281,268.5170593261719,0.0],"location":{"altitude":112.9048843383789,"altitudeAccuracy":2.7956182956695557,"heading":46.316375732421875,"headingAccuracy":5.099907398223877,"headingTimestamp":1696165017000.0,"latitude":51.44694900512695,"longitude":7.034719944000244,"positionAccuracy":5.099907398223877,"positionSource":"corelocation","positionTimestamp":1696165017000.0},"pose":[0.7383639216423035,-0.010776432231068611,3.6852879524230957,0.18648269772529602,-0.33460572361946106,-0.6855349540710449,0.6191158890724182],"pose4x4":[-0.16383838653564453,-0.9736474752426147,0.158638596534729,0.0,0.7240548133850098,-0.0094679594039917,0.6896766424179077,0.0,-0.6700002551078796,0.2278590351343155,0.7065263986587524,0.0,0.7383639216423035,-0.010776432231068611,3.6852879524230957,1.0],"resolution":[720,540],"sequence":7,"timestamp":1696165028.7,"tracking":2,"trackingReason":0},{"exposure":0.0,"image":"frame_00000008.jpg","intrinsics":[548.5375366210938,548.5375366210938,349.4192810058594,268.5898132324219,0.0],"location":{"altitude":112.9048843383789,"altitudeAccuracy":2.7956182956695557,"heading":46.316375732421875,"headingAccuracy":5.099907398223877,"headingTimestamp":1696165017000.0,"latitude":51.44694900512695,"longitude":7.034719944000244,"positionAccuracy":5.099907398223877,"positionSource":"corelocation","positionTimestamp":1696165017000.0},"pose":[0.7372563481330872,-0.010858837515115738,3.6860694885253906,0.18748299777507782,-0.3339037001132965,-0.68551105260849,0.6192200183868408],"pose4x4":[-0.16283416748046875,-0.9741668701171875,0.15647637844085693,0.0,0.723761796951294,-0.010150551795959473,0.6899757981300354,0.0,-0.6705630421638489,0.2256029099225998,0.7067168951034546,0.0,0.7372563481330872,-0.010858837515115738,3.6860694885253906,1.0],"resolution":[720,540],"sequence":8,"timestamp":1696165028.8,"tracking":2,"trackingReason":0},{"exposure":0.0,"image":"frame_00000009.jpg","intrinsics":[548.5375366210938,548.5375366210938,349.44989013671875,268.6026611328125,0.0],"location":{"altitude":112.9048843383789,"altitudeAccuracy":2.7956182956695557,"heading":46.316375732421875,"headingAccuracy":5.099907398223877,"headingTimestamp":1696165017000.0,"latitude":51.44694900512695,"longitude":7.034719944000244,"positionAccuracy":5.099907398223877,"positionSource":"corelocation","positionTimestamp":1696165017000.0},"pose":[0.736049473285675,-0.01049627736210823,3.686323404312134,0.18846048414707184,-0.3341909646987915,-0.6847624182701111,0.6195963621139526],"pose4x4":[-0.16116631031036377,-0.9745161533355713,0.1560257077217102,0.0,0.7225890159606934,-0.008833885192871094,0.6912217140197754,0.0,-0.6722283363342285,0.22414395213127136,0.7055981159210205,0.0,0.736049473285675,-0.01049627736210823,3.686323404312134,1.0],"resolution":[720,540],"sequence":9,"timestamp":1696165028.9,"tracking":2,"trackingReason":0},{"exposure":0.0,"image":"frame_00000010.jpg","intrinsics":[548.31787109375,548.31787109375,349.46221923828125,268.54705810546875,0.0],"location":{"altitude":112.9048843383789,"altitudeAccuracy":2.7956182956695557,"heading":46.316375732421875,"headingAccuracy":5.099907398223877,"headingTimestamp":1696165017000.0,"latitude":51.44694900512695,"longitude":7.034719944000244,"positionAccuracy":5.099907398223877,"positionSource":"corelocation","positionTimestamp":1696165017000.0},"pose":[0.7355000376701355,-0.010017899796366692,3.685924530029297,0.18925690650939941,-0.33509212732315063,-0.6839204430580139,0.6197969913482666],"pose4x4":[-0.16006779670715332,-0.9746206998825073,0.15650483965873718,0.0,0.7209466695785522,-0.007130742073059082,0.692954421043396,0.0,-0.6742515563964844,0.2237509936094284,0.7037901878356934,0.0,0.7355000376701355,-0.010017899796366692,3.685924530029297,1.0],"resolution":[720,540],"sequence":10,"timestamp":1696165029.0,"tracking":2,"trackingReason":0},{"exposure":0.0,"image":"frame_00000011.jpg","intrinsics":[548.31787109375,548.31787109375,349.40594482421875,268.55133056640625,0.0],"location":{"altitude":112.9048843383789,"altitudeAccuracy":2.7956182956695557,"heading":46.316375732421875,"headingAccuracy":5.099907398223877,"headingTimestamp":1696165017000.0,"latitude":51.44694900512695,"longitude":7.034719944000244,"positionAccuracy":5.099907398223877,"positionSource":"corelocation","positionTimestamp":1696165017000.0},"pose":[0.7352522611618042,-0.009797215461730957,3.6851425170898438,0.18920928239822388,-0.3357508182525635,-0.6834444999694824,0.619978666305542],"pose4x4":[-0.15964996814727783,-0.9744963645935059,0.15768858790397644,0.0,0.7203876972198486,-0.005793094635009766,0.6935455203056335,0.0,-0.6749447584152222,0.22432266175746918,0.7029424905776978,0.0,0.7352522611618042,-0.009797215461730957,3.6851425170898438,1.0],"resolution":[720,540],"sequence":11,"timestamp":1696165029.083,"tracking":2,"trackingReason":0},{"exposure":0.0,"image":"frame_00000012.jpg","intrinsics":[548.5375366210938,548.5375366210938,349.4063720703125,268.534912109375,0.0],"location":{"altitude":112.9048843383789,"altitudeAccuracy":2.7956182956695557,"heading":46.316375732421875,"headingAccuracy":5.099907398223877,"headingTimestamp":1696165017000.0,"latitude":51.44694900512695,"longitude":7.034719944000244,"positionAccuracy":5.099907398223877,"positionSource":"corelocation","positionTimestamp":1696165017000.0},"pose":[0.7349384427070618,-0.009641462936997414,3.684438943862915,0.1900058388710022,-0.33541110157966614,-0.6831568479537964,0.6202371120452881],"pose4x4":[-0.15840768814086914,-0.9748985767364502,0.15646123886108398,0.0,0.7199783325195313,-0.005610942840576172,0.6939741373062134,0.0,-0.6756764054298401,0.22257943451404572,0.7027943134307861,0.0,0.7349384427070618,-0.009641462936997414,3.684438943862915,1.0],"resolution":[720,540],"sequence":12,"timestamp":1696165029.166,"tracking":2,"trackingReason":0},{"exposure":0.0,"image":"frame_00000013.jpg","intrinsics":[548.7571411132813,548.7571411132813,349.38421630859375,268.5636901855469,0.0],"location":{"altitude":112.9048843383789,"altitudeAccuracy":2.7956182956695557,"heading":46.316375732421875,"headingAccuracy":5.099907398223877,"headingTimestamp":1696165017000.0,"latitude":51.44694900512695,"longitude":7.034719944000244,"positionAccuracy":5.099907398223877,"positionSource":"corelocation","positionTimestamp":1696165017000.0},"pose":[0.7339051961898804,-0.009051388129591942,3.683861017227173,0.19056308269500732,-0.33510535955429077,-0.6832045912742615,0.6201781630516052],"pose4x4":[-0.1581282615661621,-0.975134551525116,0.15526288747787476,0.0,0.7196996808052063,-0.006165623664855957,0.6942571401596069,0.0,-0.6760371923446655,0.2215249240398407,0.7027802467346191,0.0,0.7339051961898804,-0.009051388129591942,3.683861017227173,1.0],"resolution":[720,540],"sequence":13,"timestamp":1696165029.25,"tracking":2,"trackingReason":0},{"exposure":0.0,"image":"frame_00000014.jpg","intrinsics":[548.5375366210938,548.5375366210938,349.4310302734375,268.4742126464844,0.0],"location":{"altitude":112.9048843383789,"altitudeAccuracy":2.7956182956695557,"heading":46.316375732421875,"headingAccuracy":5.099907398223877,"headingTimestamp":1696165017000.0,"latitude":51.44694900512695,"longitude":7.034719944000244,"positionAccuracy":5.099907398223877,"positionSource":"corelocation","positionTimestamp":1696165017000.0},"pose":[0.732634425163269,-0.008633177727460861,3.683866024017334,0.19112464785575867,-0.3341558575630188,-0.6833711266517639,0.6203341484069824],"pose4x4":[-0.1573125123977661,-0.9755677580833435,0.15335845947265625,0.0,0.7201060652732849,-0.007049441337585449,0.6938272714614868,0.0,-0.6757947206497192,0.21958264708518982,0.7036224603652954,0.0,0.732634425163269,-0.008633177727460861,3.683866024017334,1.0],"resolution":[720,540],"sequence":14,"timestamp":1696165029.333,"tracking":2,"trackingReason":0},{"exposure":0.0,"image":"frame_00000015.jpg","intrinsics":[548.5375366210938,548.5375366210938,349.4305419921875,268.4313659667969,0.0],"location":{"altitude":112.9048843383789,"altitudeAccuracy":2.7956182956695557,"heading":46.316375732421875,"headingAccuracy":5.099907398223877,"headingTimestamp":1696165017000.0,"latitude":51.44694900512695,"longitude":7.034719944000244,"positionAccuracy":5.099907398223877,"positionSource":"corelocation","positionTimestamp":1696165017000.0},"pose":[0.7317317128181458,-0.008597949519753456,3.6828763484954834,0.19077114760875702,-0.33372077345848083,-0.6830575466156006,0.6210231184959412],"pose4x4":[-0.1558743715286255,-0.9757176041603088,0.1538812816143036,0.0,0.7210604548454285,-0.005922436714172363,0.6928476095199585,0.0,-0.6751120090484619,0.2189544141292572,0.704473614692688,0.0,0.7317317128181458,-0.008597949519753456,3.6828763484954834,1.0],"resolution":[720,540],"sequence":15,"timestamp":1696165029.416,"tracking":2,"trackingReason":0},{"exposure":0.0,"image":"frame_00000016.jpg","intrinsics":[548.5375366210938,548.5375366210938,349.404541015625,268.4313659667969,0.0],"location":{"altitude":112.9048843383789,"altitudeAccuracy":2.7956182956695557,"heading":46.316375732421875,"headingAccuracy":5.099907398223877,"headingTimestamp":1696165017000.0,"latitude":51.44694900512695,"longitude":7.034719944000244,"positionAccuracy":5.099907398223877,"positionSource":"corelocation","positionTimestamp":1696165017000.0},"pose":[0.7306903004646301,-0.008599493652582169,3.6820621490478516,0.1905617117881775,-0.3339199423789978,-0.6830757856369019,0.6209607124328613],"pose4x4":[-0.1561901569366455,-0.9755911827087402,0.154366135597229,0.0,0.7210617065429688,-0.005812525749206543,0.6928479075431824,0.0,-0.6750385165214539,0.21952258050441742,0.7043673992156982,0.0,0.7306903004646301,-0.008599493652582169,3.6820621490478516,1.0],"resolution":[720,540],"sequence":16,"timestamp":1696165029.516,"tracking":2,"trackingReason":0},{"exposure":0.0,"image":"frame_00000017.jpg","intrinsics":[548.5375366210938,548.5375366210938,349.4298400878906,268.37994384765625,0.0],"location":{"altitude":112.9048843383789,"altitudeAccuracy":2.7956182956695557,"heading":46.316375732421875,"headingAccuracy":5.099907398223877,"headingTimestamp":1696165017000.0,"latitude":51.44694900512695,"longitude":7.034719944000244,"positionAccuracy":5.099907398223877,"positionSource":"corelocation","positionTimestamp":1696165017000.0},"pose":[0.7294839024543762,-0.008464671671390533,3.681854009628296,0.19072239100933075,-0.33372393250465393,-0.682881772518158,0.6212292909622192],"pose4x4":[-0.15539836883544922,-0.9757496118545532,0.15415647625923157,0.0,0.721155047416687,-0.005405068397521973,0.6927526593208313,0.0,-0.6751198768615723,0.21882331371307373,0.7045066356658936,0.0,0.7294839024543762,-0.008464671671390533,3.681854009628296,1.0],"resolution":[720,540],"sequence":17,"timestamp":1696165029.616,"tracking":2,"trackingReason":0},{"exposure":0.0,"image":"frame_00000018.jpg","intrinsics":[548.0982055664063,548.0982055664063,349.3876953125,268.4742126464844,0.0],"location":{"altitude":112.9048843383789,"altitudeAccuracy":2.7956182956695557,"heading":46.316375732421875,"headingAccuracy":5.099907398223877,"headingTimestamp":1696165017000.0,"latitude":51.44694900512695,"longitude":7.034719944000244,"positionAccuracy":5.099907398223877,"positionSource":"corelocation","positionTimestamp":1696165017000.0},"pose":[0.7290950417518616,-0.008541321381926537,3.6821093559265137,0.19051507115364075,-0.3336707055568695,-0.6828121542930603,0.6213977932929993],"pose4x4":[-0.15513718128204346,-0.975734531879425,0.1545124650001526,0.0,0.721457302570343,-0.005056858062744141,0.6924401521682739,0.0,-0.6748564839363098,0.21889755129814148,0.7047357559204102,0.0,0.7290950417518616,-0.008541321381926537,3.6821093559265137,1.0],"resolution":[720,540],"sequence":18,"timestamp":1696165029.699,"tracking":2,"trackingReason":0},{"exposure":0.0,"image":"frame_00000019.jpg","intrinsics":[548.5375366210938,548.5375366210938,349.4300537109375,268.3885192871094,0.0],"location":{"altitude":112.9048843383789,"altitudeAccuracy":2.7956182956695557,"heading":46.316375732421875,"headingAccuracy":5.099907398223877,"headingTimestamp":1696165017000.0,"latitude":51.44694900512695,"longitude":7.034719944000244,"positionAccuracy":5.099907398223877,"positionSource":"corelocation","positionTimestamp":1696165017000.0},"pose":[0.7291786074638367,-0.008955638855695724,3.682619094848633,0.1908533126115799,-0.33361634612083435,-0.6829162836074829,0.6212080121040344],"pose4x4":[-0.1553490161895752,-0.9758096933364868,0.1538166105747223,0.0,0.7211226224899292,-0.005599260330200195,0.6927832961082458,0.0,-0.675163984298706,0.2185448557138443,0.7045502662658691,0.0,0.7291786074638367,-0.008955638855695724,3.682619094848633,1.0],"resolution":[720,540],"sequence":19,"timestamp":1696165029.783,"tracking":2,"trackingReason":0},{"exposure":0.0,"image":"frame_00000020.jpg","intrinsics":[548.5375366210938,548.5375366210938,349.4052429199219,268.49993896484375,0.0],"location":{"altitude":112.9048843383789,"altitudeAccuracy":2.7956182956695557,"heading":46.316375732421875,"headingAccuracy":5.099907398223877,"headingTimestamp":1696165017000.0,"latitude":51.44694900512695,"longitude":7.034719944000244,"positionAccuracy":5.099907398223877,"positionSource":"corelocation","positionTimestamp":1696165017000.0},"pose":[0.7291741371154785,-0.00910058245062828,3.6834564208984375,0.1917067915201187,-0.3335232734680176,-0.6826415657997131,0.6212978363037109],"pose4x4":[-0.15447461605072021,-0.9761248230934143,0.1527005434036255,0.0,0.7203701138496399,-0.005501985549926758,0.6935677528381348,0.0,-0.6761686205863953,0.21713967621326447,0.7040214538574219,0.0,0.7291741371154785,-0.00910058245062828,3.6834564208984375,1.0],"resolution":[720,540],"sequence":20,"timestamp":1696165029.866,"tracking":2,"trackingReason":0},{"exposure":0.0,"image":"frame_00000021.jpg","intrinsics":[548.5375366210938,548.5375366210938,349.39813232421875,268.44921875,0.0],"location":{"altitude":112.9048843383789,"altitudeAccuracy":2.7956182956695557,"heading":46.316375732421875,"headingAccuracy":5.099907398223877,"headingTimestamp":1696165017000.0,"latitude":51.44694900512695,"longitude":7.034719944000244,"positionAccuracy":5.099907398223877,"positionSource":"corelocation","positionTimestamp":1696165017000.0},"pose":[0.7287679314613342,-0.010378135368227959,3.6834182739257813,0.19257977604866028,-0.33370110392570496,-0.6823945045471191,0.6212037205696106],"pose4x4":[-0.15403735637664795,-0.9763401746749878,0.1517619788646698,0.0,0.7192838191986084,-0.005498528480529785,0.6946941614151001,0.0,-0.6774234771728516,0.2161690592765808,0.7031131982803345,0.0,0.7287679314613342,-0.010378135368227959,3.6834182739257813,1.0],"resolution":[720,540],"sequence":21,"timestamp":1696165029.949,"tracking":2,"trackingReason":0},{"exposure":0.0,"image":"frame_00000022.jpg","intrinsics":[548.5375366210938,548.5375366210938,349.4058837890625,268.4920654296875,0.0],"location":{"altitude":112.9048843383789,"altitudeAccuracy":2.7956182956695557,"heading":46.316375732421875,"headingAccuracy":5.099907398223877,"headingTimestamp":1696165017000.0,"latitude":51.44694900512695,"longitude":7.034719944000244,"positionAccuracy":5.099907398223877,"positionSource":"corelocation","positionTimestamp":1696165017000.0},"pose":[0.7286638617515564,-0.00977872684597969,3.6840579509735107,0.19304154813289642,-0.33370375633239746,-0.6823914647102356,0.6210623979568481],"pose4x4":[-0.15403258800506592,-0.9764527082443237,0.1510418951511383,0.0,0.7187780141830444,-0.005846261978149414,0.6952148675918579,0.0,-0.6779614686965942,0.2156514972448349,0.7027535438537598,0.0,0.7286638617515564,-0.00977872684597969,3.6840579509735107,1.0],"resolution":[720,540],"sequence":22,"timestamp":1696165030.033,"tracking":2,"trackingReason":0},{"exposure":0.0,"image":"frame_00000023.jpg","intrinsics":[548.5375366210938,548.5375366210938,349.4049377441406,268.46563720703125,0.0],"location":{"altitude":112.9048843383789,"altitudeAccuracy":2.7956182956695557,"heading":46.316375732421875,"headingAccuracy":5.099907398223877,"headingTimestamp":1696165017000.0,"latitude":51.44694900512695,"longitude":7.034719944000244,"positionAccuracy":5.099907398223877,"positionSource":"corelocation","positionTimestamp":1696165017000.0},"pose":[0.7288842797279358,-0.010116895660758018,3.6842498779296875,0.19311779737472534,-0.3339745104312897,-0.6826345920562744,0.6206263303756714],"pose4x4":[-0.1550579071044922,-0.9763148427009583,0.15088897943496704,0.0,0.718329131603241,-0.00656890869140625,0.6956731081008911,0.0,-0.6782045364379883,0.21625712513923645,0.7023330926895142,0.0,0.7288842797279358,-0.010116895660758018,3.6842498779296875,1.0],"resolution":[720,540],"sequence":23,"timestamp":1696165030.116,"tracking":2,"trackingReason":0},{"exposure":0.0,"image":"frame_00000024.jpg","intrinsics":[548.31787109375,548.31787109375,349.42156982421875,268.4056396484375,0.0],"location":{"altitude":112.9048843383789,"altitudeAccuracy":2.7956182956695557,"heading":46.316375732421875,"headingAccuracy":5.099907398223877,"headingTimestamp":1696165017000.0,"latitude":51.44694900512695,"longitude":7.034719944000244,"positionAccuracy":5.099907398223877,"positionSource":"corelocation","positionTimestamp":1696165017000.0},"pose":[0.7283515334129333,-0.01105879433453083,3.684023141860962,0.19300897419452667,-0.33470338582992554,-0.6819168925285339,0.6210554242134094],"pose4x4":[-0.15407395362854004,-0.9762179255485535,0.1525065302848816,0.0,0.7178148627281189,-0.004526257514953613,0.6962183117866516,0.0,-0.6789708733558655,0.21674124896526337,0.7014423608779907,0.0,0.7283515334129333,-0.01105879433453083,3.684023141860962,1.0],"resolution":[720,540],"sequence":24,"timestamp":1696165030.199,"tracking":2,"trackingReason":0},{"exposure":0.0,"image":"frame_00000025.jpg","intrinsics":[548.5375366210938,548.5375366210938,349.39111328125,268.4920654296875,0.0],"location":{"altitude":112.9048843383789,"altitudeAccuracy":2.7956182956695557,"heading":46.316375732421875,"headingAccuracy":5.099907398223877,"headingTimestamp":1696165017000.0,"latitude":51.44694900512695,"longitude":7.034719944000244,"positionAccuracy":5.099907398223877,"positionSource":"corelocation","positionTimestamp":1696165017000.0},"pose":[0.7281562089920044,-0.011851770803332329,3.6841001510620117,0.19350749254226685,-0.3344663381576538,-0.6818797588348389,0.6210694313049316],"pose4x4":[-0.1536555290222168,-0.9764328002929688,0.15155595541000366,0.0,0.7175458669662476,-0.004810333251953125,0.6964948177337646,0.0,-0.6793513298034668,0.2157684862613678,0.7013742327690125,0.0,0.7281562089920044,-0.011851770803332329,3.6841001510620117,1.0],"resolution":[720,540],"sequence":25,"timestamp":1696165030.283,"tracking":2,"trackingReason":0},{"exposure":0.0,"image":"frame_00000026.jpg","intrinsics":[548.5375366210938,548.5375366210938,349.3958740234375,268.4313659667969,0.0],"location":{"altitude":112.9048843383789,"altitudeAccuracy":2.7956182956695557,"heading":46.316375732421875,"headingAccuracy":5.099907398223877,"headingTimestamp":1696165017000.0,"latitude":51.44694900512695,"longitude":7.034719944000244,"positionAccuracy":5.099907398223877,"positionSource":"corelocation","positionTimestamp":1696165017000.0},"pose":[0.7281841039657593,-0.012295478954911232,3.68406343460083,0.193895623087883,-0.33410343527793884,-0.6819255352020264,0.6210929155349731],"pose4x4":[-0.15329504013061523,-0.9766406416893005,0.15057381987571716,0.0,0.7175158858299255,-0.005235910415649414,0.6965216994285583,0.0,-0.679463267326355,0.21481291949748993,0.7015587687492371,0.0,0.7281841039657593,-0.012295478954911232,3.68406343460083,1.0],"resolution":[720,540],"sequence":26,"timestamp":1696165030.366,"tracking":2,"trackingReason":0},{"exposure":0.0,"image":"frame_00000027.jpg","intrinsics":[548.5375366210938,548.5375366210938,349.4000549316406,268.4442138671875,0.0],"location":{"altitude":112.9048843383789,"altitudeAccuracy":2.7956182956695557,"heading":46.316375732421875,"headingAccuracy":5.099907398223877,"headingTimestamp":1696165017000.0,"latitude":51.44694900512695,"longitude":7.034719944000244,"positionAccuracy":5.099907398223877,"positionSource":"corelocation","positionTimestamp":1696165017000.0},"pose":[0.7279337644577026,-0.01240960881114006,3.683769702911377,0.19431717693805695,-0.33361315727233887,-0.6819146871566772,0.6212369203567505],"pose4x4":[-0.15261077880859375,-0.976914644241333,0.14949014782905579,0.0,0.7176076173782349,-0.005533576011657715,0.6964254379272461,0.0,-0.6795210838317871,0.2135574221611023,0.7018861770629883,0.0,0.7279337644577026,-0.01240960881114006,3.683769702911377,1.0],"resolution":[720,540],"sequence":27,"timestamp":1696165030.449,"tracking":2,"trackingReason":0},{"exposure":0.0,"image":"frame_00000028.jpg","intrinsics":[548.5375366210938,548.5375366210938,349.4131164550781,268.42279052734375,0.0],"location":{"altitude":112.9048843383789,"altitudeAccuracy":2.7956182956695557,"heading":46.316375732421875,"headingAccuracy":5.099907398223877,"headingTimestamp":1696165017000.0,"latitude":51.44694900512695,"longitude":7.034719944000244,"positionAccuracy":5.099907398223877,"positionSource":"corelocation","positionTimestamp":1696165017000.0},"pose":[0.7274143695831299,-0.012290503829717636,3.683194160461426,0.19435082376003265,-0.33349379897117615,-0.6815663576126099,0.6216722130775452],"pose4x4":[-0.15150165557861328,-0.9770512580871582,0.14972171187400818,0.0,0.7177921533584595,-0.004609942436218262,0.6962413191795349,0.0,-0.679573655128479,0.21295130252838135,0.7020192742347717,0.0,0.7274143695831299,-0.012290503829717636,3.683194160461426,1.0],"resolution":[720,540],"sequence":28,"timestamp":1696165030.549,"tracking":2,"trackingReason":0},{"exposure":0.0,"image":"frame_00000029.jpg","intrinsics":[548.5375366210938,548.5375366210938,349.4234924316406,268.4670715332031,0.0],"location":{"altitude":112.9048843383789,"altitudeAccuracy":2.7956182956695557,"heading":46.316375732421875,"headingAccuracy":5.099907398223877,"headingTimestamp":1696165017000.0,"latitude":51.44694900512695,"longitude":7.034719944000244,"positionAccuracy":5.099907398223877,"positionSource":"corelocation","positionTimestamp":1696165017000.0},"pose":[0.7268079519271851,-0.012023387476801872,3.6826729774475098,0.19456356763839722,-0.3333434462547302,-0.6813492178916931,0.6219238042831421],"pose4x4":[-0.15070927143096924,-0.977207601070404,0.14949697256088257,0.0,0.7177816033363342,-0.004183530807495117,0.6962540149688721,0.0,-0.6797599196434021,0.21223914623260498,0.7020543217658997,0.0,0.7268079519271851,-0.012023387476801872,3.6826729774475098,1.0],"resolution":[720,540],"sequence":29,"timestamp":1696165030.633,"tracking":2,"trackingReason":0},{"exposure":0.0,"image":"frame_00000030.jpg","intrinsics":[548.5375366210938,548.5375366210938,349.42645263671875,268.46136474609375,0.0],"location":{"altitude":112.9048843383789,"altitudeAccuracy":2.7956182956695557,"heading":46.316375732421875,"headingAccuracy":5.099907398223877,"headingTimestamp":1696165017000.0,"latitude":51.44694900512695,"longitude":7.034719944000244,"positionAccuracy":5.099907398223877,"positionSource":"corelocation","positionTimestamp":1696165017000.0},"pose":[0.7262758612632751,-0.01206946186721325,3.6819586753845215,0.1949673444032669,-0.33316025137901306,-0.6809674501419067,0.6223145127296448],"pose4x4":[-0.14942479133605957,-0.977462649345398,0.14912810921669006,0.0,0.7176411151885986,-0.003457784652709961,0.6964045763015747,0.0,-0.6801937818527222,0.21108055114746094,0.7019839286804199,0.0,0.7262758612632751,-0.01206946186721325,3.6819586753845215,1.0],"resolution":[720,540],"sequence":30,"timestamp":1696165030.732,"tracking":2,"trackingReason":0},{"exposure":0.0,"image":"frame_00000031.jpg","intrinsics":[548.5375366210938,548.5375366210938,349.3945007324219,268.4385070800781,0.0],"location":{"altitude":112.9048843383789,"altitudeAccuracy":2.7956182956695557,"heading":46.316375732421875,"headingAccuracy":5.099907398223877,"headingTimestamp":1696165017000.0,"latitude":51.44694900512695,"longitude":7.034719944000244,"positionAccuracy":5.099907398223877,"positionSource":"corelocation","positionTimestamp":1696165017000.0},"pose":[0.7258327007293701,-0.011931082233786583,3.6813817024230957,0.1951693296432495,-0.3329882323741913,-0.6809911131858826,0.6223180294036865],"pose4x4":[-0.14926016330718994,-0.97756427526474,0.1486319899559021,0.0,0.7176079154014587,-0.003679990768432617,0.6964388489723206,0.0,-0.6802663207054138,0.21060927212238312,0.7020555734634399,0.0,0.7258327007293701,-0.011931082233786583,3.6813817024230957,1.0],"resolution":[720,540],"sequence":31,"timestamp":1696165030.816,"tracking":2,"trackingReason":0},{"exposure":0.0,"image":"frame_00000032.jpg","intrinsics":[548.5375366210938,548.5375366210938,349.38311767578125,268.4527893066406,0.0],"location":{"altitude":112.9048843383789,"altitudeAccuracy":2.7956182956695557,"heading":46.316375732421875,"headingAccuracy":5.099907398223877,"headingTimestamp":1696165017000.0,"latitude":51.44694900512695,"longitude":7.034719944000244,"positionAccuracy":5.099907398223877,"positionSource":"corelocation","positionTimestamp":1696165017000.0},"pose":[0.7257481217384338,-0.011390313506126404,3.681041955947876,0.19487665593624115,-0.3328152298927307,-0.6812583804130554,0.6222091913223267],"pose4x4":[-0.14975786209106445,-0.9774863123893738,0.14863866567611694,0.0,0.7180545926094055,-0.004179716110229492,0.6959744095802307,0.0,-0.6796841025352478,0.21095822751522064,0.7025142312049866,0.0,0.7257481217384338,-0.011390313506126404,3.681041955947876,1.0],"resolution":[720,540],"sequence":32,"timestamp":1696165030.899,"tracking":2,"trackingReason":0},{"exposure":0.0,"image":"frame_00000033.jpg","intrinsics":[548.5375366210938,548.5375366210938,349.41717529296875,268.4013671875,0.0],"location":{"altitude":112.9048843383789,"altitudeAccuracy":2.7956182956695557,"heading":46.316375732421875,"headingAccuracy":5.099907398223877,"headingTimestamp":1696165017000.0,"latitude":51.44694900512695,"longitude":7.034719944000244,"positionAccuracy":5.099907398223877,"positionSource":"corelocation","positionTimestamp":1696165017000.0},"pose":[0.7256724834442139,-0.010631697252392769,3.681074619293213,0.1946582943201065,-0.33228394389152527,-0.6812434196472168,0.6225779056549072],"pose4x4":[-0.14901041984558105,-0.9776178598403931,0.1485259234905243,0.0,0.7188905477523804,-0.00396883487701416,0.695112407207489,0.0,-0.6789646148681641,0.2103525996208191,0.7033910751342773,0.0,0.7256724834442139,-0.010631697252392769,3.681074619293213,1.0],"resolution":[720,540],"sequence":33,"timestamp":1696165030.982,"tracking":2,"trackingReason":0},{"exposure":0.0,"image":"frame_00000034.jpg","intrinsics":[548.5375366210938,548.5375366210938,349.3691711425781,268.44921875,0.0],"location":{"altitude":112.9048843383789,"altitudeAccuracy":2.7956182956695557,"heading":46.316375732421875,"headingAccuracy":5.099907398223877,"headingTimestamp":1696165017000.0,"latitude":51.44694900512695,"longitude":7.034719944000244,"positionAccuracy":5.099907398223877,"positionSource":"corelocation","positionTimestamp":1696165017000.0},"pose":[0.7253686785697937,-0.010361727327108383,3.681212902069092,0.1941838264465332,-0.33196038007736206,-0.6815619468688965,0.6225495338439941],"pose4x4":[-0.14944875240325928,-0.9775347709655762,0.1486269235610962,0.0,0.7196894884109497,-0.004468083381652832,0.6942812204360962,0.0,-0.678020179271698,0.21072500944137573,0.7041898965835571,0.0,0.7253686785697937,-0.010361727327108383,3.681212902069092,1.0],"resolution":[720,540],"sequence":34,"timestamp":1696165031.066,"tracking":2,"trackingReason":0},{"exposure":0.0,"image":"frame_00000035.jpg","intrinsics":[548.5375366210938,548.5375366210938,349.3622741699219,268.54266357421875,0.0],"location":{"altitude":112.9048843383789,"altitudeAccuracy":2.7956182956695557,"heading":46.316375732421875,"headingAccuracy":5.099907398223877,"headingTimestamp":1696165017000.0,"latitude":51.44694900512695,"longitude":7.034719944000244,"positionAccuracy":5.099907398223877,"positionSource":"corelocation","positionTimestamp":1696165017000.0},"pose":[0.7255165576934814,-0.01019115000963211,3.6810662746429443,0.19354477524757385,-0.33185428380966187,-0.681949257850647,0.6223810315132141],"pose4x4":[-0.15036404132843018,-0.9773218631744385,0.14910417795181274,0.0,0.720407247543335,-0.005028724670410156,0.6935327649116516,0.0,-0.6770550608634949,0.21169836819171906,0.7048263549804688,0.0,0.7255165576934814,-0.01019115000963211,3.6810662746429443,1.0],"resolution":[720,540],"sequence":35,"timestamp":1696165031.149,"tracking":2,"trackingReason":0},{"exposure":0.0,"image":"frame_00000036.jpg","intrinsics":[548.5375366210938,548.5375366210938,349.3785400390625,268.4570617675781,0.0],"location":{"altitude":112.9048843383789,"altitudeAccuracy":2.7956182956695557,"heading":46.316375732421875,"headingAccuracy":5.099907398223877,"headingTimestamp":1696165017000.0,"latitude":51.44694900512695,"longitude":7.034719944000244,"positionAccuracy":5.099907398223877,"positionSource":"corelocation","positionTimestamp":1696165017000.0},"pose":[0.7248107194900513,-0.009728198871016502,3.6806743144989014,0.19368025660514832,-0.33123987913131714,-0.6820157170295715,0.6225929856300354],"pose4x4":[-0.14973056316375732,-0.9775456786155701,0.14826929569244385,0.0,0.7209271788597107,-0.005314946174621582,0.6929895281791687,0.0,-0.6766412258148193,0.2106536626815796,0.7055361866950989,0.0,0.7248107194900513,-0.009728198871016502,3.6806743144989014,1.0],"resolution":[720,540],"sequence":36,"timestamp":1696165031.232,"tracking":2,"trackingReason":0},{"exposure":0.0,"image":"frame_00000037.jpg","intrinsics":[548.7571411132813,548.7571411132813,349.35797119140625,268.4456481933594,0.0],"location":{"altitude":112.9048843383789,"altitudeAccuracy":2.7956182956695557,"heading":46.316375732421875,"headingAccuracy":5.099907398223877,"headingTimestamp":1696165017000.0,"latitude":51.44694900512695,"longitude":7.034719944000244,"positionAccuracy":5.099907398223877,"positionSource":"corelocation","positionTimestamp":1696165017000.0},"pose":[0.7245926260948181,-0.009184485301375389,3.680727958679199,0.1939704269170761,-0.3309257924556732,-0.6821626424789429,0.6225089430809021],"pose4x4":[-0.14971542358398438,-0.9776843190193176,0.14736977219581604,0.0,0.7209250330924988,-0.005940794944763184,0.6929870843887329,0.0,-0.6766473054885864,0.20999377965927124,0.705727219581604,0.0,0.7245926260948181,-0.009184485301375389,3.680727958679199,1.0],"resolution":[720,540],"sequence":37,"timestamp":1696165031.316,"tracking":2,"trackingReason":0},{"exposure":0.0,"image":"frame_00000038.jpg","intrinsics":[548.5375366210938,548.5375366210938,349.3406982421875,268.51300048828125,0.0],"location":{"altitude":112.9048843383789,"altitudeAccuracy":2.7956182956695557,"heading":46.316375732421875,"headingAccuracy":5.099907398223877,"headingTimestamp":1696165017000.0,"latitude":51.44694900512695,"longitude":7.034719944000244,"positionAccuracy":5.099907398223877,"positionSource":"corelocation","positionTimestamp":1696165017000.0},"pose":[0.7245919704437256,-0.008941331878304482,3.6808245182037354,0.19395317137241364,-0.3304939568042755,-0.6823026537895203,0.6225904226303101],"pose4x4":[-0.14952635765075684,-0.977790892124176,0.1468552052974701,0.0,0.7213894724845886,-0.00630950927734375,0.6925005912780762,0.0,-0.6761943101882935,0.20948703587055206,0.706311821937561,0.0,0.7245919704437256,-0.008941331878304482,3.6808245182037354,1.0],"resolution":[720,540],"sequence":38,"timestamp":1696165031.399,"tracking":2,"trackingReason":0},{"exposure":0.0,"image":"frame_00000039.jpg","intrinsics":[548.7571411132813,548.7571411132813,349.3704528808594,268.49993896484375,0.0],"location":{"altitude":112.9048843383789,"altitudeAccuracy":2.7956182956695557,"heading":46.316375732421875,"headingAccuracy":5.099907398223877,"headingTimestamp":1696165017000.0,"latitude":51.44694900512695,"longitude":7.034719944000244,"positionAccuracy":5.099907398223877,"positionSource":"corelocation","positionTimestamp":1696165017000.0},"pose":[0.7245901823043823,-0.008934486657381058,3.6806437969207764,0.19350124895572662,-0.33061593770980835,-0.6821283102035522,0.6228576302528381],"pose4x4":[-0.14921188354492188,-0.9776868224143982,0.14786794781684875,0.0,0.7217884659767151,-0.005483508110046387,0.6920924186706543,0.0,-0.6758387088775635,0.2099975198507309,0.706500768661499,0.0,0.7245901823043823,-0.008934486657381058,3.6806437969207764,1.0],"resolution":[720,540],"sequence":39,"timestamp":1696165031.482,"tracking":2,"trackingReason":0},{"exposure":0.0,"image":"frame_00000040.jpg","intrinsics":[548.5375366210938,548.5375366210938,349.33953857421875,268.4783935546875,0.0],"location":{"altitude":112.904884