{"app":"com.DefaultCompany.Tutorial-Series-ARDK3-Meshing-AliveStudios","autofocus":1,"captureGroup":{"sequence":0,"uuid":"018aeb4f-65c4-7011-8058-8f1f0000ffff"},"coordinates":"opengl","depthSource":"none","duration":35.072,"formatVersion":"1","frameCount":400,"framerate":11.376596715328466,"frames":[{"exposure":0.0,"image":"frame_00000000.jpg","intrinsics":[549.6356811523438,549.6356811523438,360.2247314453125,257.26953125,0.0],"location":{"altitude":112.66112518310547,"altitudeAccuracy":2.3499341011047363,"heading":260.064208984375,"headingAccuracy":5.319994926452637,"headingTimestamp":1696164960000.0,"latitude":51.44691467285156,"longitude":7.034720420837402,"positionAccuracy":5.319994926452637,"positionSource":"corelocation","positionTimestamp":1696164960000.0},"pose":[-0.004389815032482147,0.15394382178783417,0.06379691511392593,-0.04569145292043686,0.0725654661655426,0.00838350597769022,0.9962812066078186],"pose4x4":[0.9893279671669006,0.010073415003716946,-0.14535734057426453,0.0,-0.023335900157690048,0.995684027671814,-0.08982636034488678,0.0,0.14382511377334595,0.09225977957248688,0.9852930903434753,0.0,-0.004389815032482147,0.15394382178783417,0.06379691511392593,1.0],"resolution":[720,540],"sequence":0,"timestamp":1696164963.0,"tracking":2,"trackingReason":0},{"exposure":0.0,"image":"frame_00000001.jpg","intrinsics":[548.5375366210938,548.5375366210938,360.29010009765625,257.2315673828125,0.0],"location":{"altitude":112.66112518310547,"altitudeAccuracy":2.3499341011047363,"heading":260.064208984375,"headingAccuracy":5.319994926452637,"headingTimestamp":1696164960000.0,"latitude":51.44691467285156,"longitude":7.034720420837402,"positionAccuracy":5.319994926452637,"positionSource":"corelocation","positionTimestamp":1696164960000.0},"pose":[-0.0046997712925076485,0.15378537774085999,0.06275196373462677,-0.04574761167168617,0.0710405558347702,0.008760249242186546,0.9963852763175964],"pose4x4":[0.989753007888794,0.010957295075058937,-0.14236904680728912,0.0,-0.023957038298249245,0.9956608414649963,-0.08991982787847519,0.0,0.14076600968837738,0.0924091562628746,0.9857208132743835,0.0,-0.0046997712925076485,0.15378537774085999,0.06275196373462677,1.0],"resolution":[720,540],"sequence":1,"timestamp":1696164963.083,"tracking":2,"trackingReason":0},{"exposure":0.0,"image":"frame_00000002.jpg","intrinsics":[548.31787109375,548.31787109375,360.2992858886719,257.2315673828125,0.0],"location":{"altitude":112.66112518310547,"altitudeAccuracy":2.3499341011047363,"heading":260.064208984375,"headingAccuracy":5.319994926452637,"headingTimestamp":1696164960000.0,"latitude":51.44691467285156,"longitude":7.034720420837402,"positionAccuracy":5.319994926452637,"positionSource":"corelocation","positionTimestamp":1696164960000.0},"pose":[-0.004224149044603109,0.15367497503757477,0.06272421032190323,-0.047299232333898544,0.07223743200302124,0.008533615618944168,0.9962287545204163],"pose4x4":[0.9894178509712219,0.010169316083192825,-0.14473728835582733,0.0,-0.023836415261030197,0.9953799247741699,-0.09300881624221802,0.0,0.14312274754047394,0.09547460079193115,0.9850890636444092,0.0,-0.004224149044603109,0.15367497503757477,0.06272421032190323,1.0],"resolution":[720,540],"sequence":2,"timestamp":1696164963.183,"tracking":2,"trackingReason":0},{"exposure":0.0,"image":"frame_00000003.jpg","intrinsics":[548.5375366210938,548.5375366210938,360.29010009765625,257.20587158203125,0.0],"location":{"altitude":112.66112518310547,"altitudeAccuracy":2.3499341011047363,"heading":260.064208984375,"headingAccuracy":5.319994926452637,"headingTimestamp":1696164960000.0,"latitude":51.44691467285156,"longitude":7.034720420837402,"positionAccuracy":5.319994926452637,"positionSource":"corelocation","positionTimestamp":1696164960000.0},"pose":[-0.003519214689731598,0.154272198677063,0.06318363547325134,-0.047638796269893646,0.07310953736305237,0.008542096242308617,0.9961488842964172],"pose4x4":[0.9891640543937683,0.010052699595689774,-0.146469846367836,0.0,-0.02398410066962242,0.9953151345252991,-0.09366165101528168,0.0,0.14484210312366486,0.0961596816778183,0.9847710728645325,0.0,-0.003519214689731598,0.154272198677063,0.06318363547325134,1.0],"resolution":[720,540],"sequence":3,"timestamp":1696164963.283,"tracking":2,"trackingReason":0},{"exposure":0.0,"image":"frame_00000004.jpg","intrinsics":[548.31787109375,548.31787109375,360.3120422363281,257.227294921875,0.0],"location":{"altitude":112.66112518310547,"altitudeAccuracy":2.3499341011047363,"heading":260.064208984375,"headingAccuracy":5.319994926452637,"headingTimestamp":1696164960000.0,"latitude":51.44691467285156,"longitude":7.034720420837402,"positionAccuracy":5.319994926452637,"positionSource":"corelocation","positionTimestamp":1696164960000.0},"pose":[-0.00249905651435256,0.15504218637943268,0.06363019347190857,-0.04771141707897186,0.07319505512714386,0.00806369911879301,0.996143102645874],"pose4x4":[0.9891549348831177,0.009080717340111732,-0.14659497141838074,0.0,-0.023049676790833473,0.9953172206878662,-0.09387435019016266,0.0,0.14505603909492493,0.0962352454662323,0.9847322106361389,0.0,-0.00249905651435256,0.15504218637943268,0.06363019347190857,1.0],"resolution":[720,540],"sequence":4,"timestamp":1696164963.383,"tracking":2,"trackingReason":0},{"exposure":0.0,"image":"frame_00000005.jpg","intrinsics":[548.31787109375,548.31787109375,360.28173828125,257.2144470214844,0.0],"location":{"altitude":112.66112518310547,"altitudeAccuracy":2.3499341011047363,"heading":260.064208984375,"headingAccuracy":5.319994926452637,"headingTimestamp":1696164960000.0,"latitude":51.44691467285156,"longitude":7.034720420837402,"positionAccuracy":5.319994926452637,"positionSource":"corelocation","positionTimestamp":1696164960000.0},"pose":[-0.001862486475147307,0.1554572731256485,0.06450871378183365,-0.04738372564315796,0.07387357205152512,0.007642665877938271,0.9961119890213013],"pose4x4":[0.988968551158905,0.008225092664361,-0.14789697527885437,0.0,-0.022226711735129356,0.9953927397727966,-0.09326981753110886,0.0,0.14644843339920044,0.09552817791700363,0.9845949411392212,0.0,-0.001862486475147307,0.1554572731256485,0.06450871378183365,1.0],"resolution":[720,540],"sequence":5,"timestamp":1696164963.466,"tracking":2,"trackingReason":0},{"exposure":0.0,"image":"frame_00000006.jpg","intrinsics":[548.7571411132813,548.7571411132813,360.27288818359375,257.24005126953125,0.0],"location":{"altitude":112.66112518310547,"altitudeAccuracy":2.3499341011047363,"heading":260.064208984375,"headingAccuracy":5.319994926452637,"headingTimestamp":1696164960000.0,"latitude":51.44691467285156,"longitude":7.034720420837402,"positionAccuracy":5.319994926452637,"positionSource":"corelocation","positionTimestamp":1696164960000.0},"pose":[-0.0014532856876030564,0.15576213598251343,0.065580815076828,-0.04687242954969406,0.07445798069238663,0.00798189826309681,0.9960899949073792],"pose4x4":[0.9887846112251282,0.008921325206756592,-0.14908196032047272,0.0,-0.02288142964243889,0.9954785108566284,-0.09218968451023102,0.0,0.1475854367017746,0.0945669412612915,0.9845179915428162,0.0,-0.0014532856876030564,0.15576213598251343,0.065580815076828,1.0],"resolution":[720,540],"sequence":6,"timestamp":1696164963.566,"tracking":2,"trackingReason":0},{"exposure":0.0,"image":"frame_00000007.jpg","intrinsics":[548.31787109375,548.31787109375,360.299072265625,257.2315673828125,0.0],"location":{"altitude":112.66112518310547,"altitudeAccuracy":2.3499341011047363,"heading":260.064208984375,"headingAccuracy":5.319994926452637,"headingTimestamp":1696164960000.0,"latitude":51.44691467285156,"longitude":7.034720420837402,"positionAccuracy":5.319994926452637,"positionSource":"corelocation","positionTimestamp":1696164960000.0},"pose":[-0.0010567381978034973,0.156046062707901,0.0664624273777008,-0.04714335501194,0.07513022422790527,0.008549290709197521,0.9960220456123352],"pose4x4":[0.9885647296905518,0.009946782141923904,-0.15046879649162292,0.0,-0.024114344269037247,0.995408833026886,-0.09262701869010925,0.0,0.14885663986206055,0.09519626200199127,0.984265923500061,0.0,-0.0010567381978034973,0.156046062707901,0.0664624273777008,1.0],"resolution":[720,540],"sequence":7,"timestamp":1696164963.666,"tracking":2,"trackingReason":0},{"exposure":0.0,"image":"frame_00000008.jpg","intrinsics":[548.5375366210938,548.5375366210938,360.3468322753906,257.2358703613281,0.0],"location":{"altitude":112.66112518310547,"altitudeAccuracy":2.3499341011047363,"heading":260.064208984375,"headingAccuracy":5.319994926452637,"headingTimestamp":1696164960000.0,"latitude":51.44691467285156,"longitude":7.034720420837402,"positionAccuracy":5.319994926452637,"positionSource":"corelocation","positionTimestamp":1696164960000.0},"pose":[-0.0005406886339187622,0.15620888769626617,0.0667710155248642,-0.04781803861260414,0.07630383223295212,0.008489402011036873,0.9959011673927307],"pose4x4":[0.9882113337516785,0.009611811488866806,-0.15279404819011688,0.0,-0.024206608533859253,0.9952827095985413,-0.09394853562116623,0.0,0.1511702686548233,0.09653962403535843,0.9837822914123535,0.0,-0.0005406886339187622,0.15620888769626617,0.0667710155248642,1.0],"resolution":[720,540],"sequence":8,"timestamp":1696164963.766,"tracking":2,"trackingReason":0},{"exposure":0.0,"image":"frame_00000009.jpg","intrinsics":[548.5375366210938,548.5375366210938,360.307373046875,257.2230224609375,0.0],"location":{"altitude":112.66112518310547,"altitudeAccuracy":2.3499341011047363,"heading":260.064208984375,"headingAccuracy":5.319994926452637,"headingTimestamp":1696164960000.0,"latitude":51.44691467285156,"longitude":7.034720420837402,"positionAccuracy":5.319994926452637,"positionSource":"corelocation","positionTimestamp":1696164960000.0},"pose":[-0.0004206225275993347,0.15607932209968567,0.06718821078538895,-0.04829571023583412,0.0774996355175972,0.008653941564261913,0.995784342288971],"pose4x4":[0.9878378510475159,0.009749120101332664,-0.15518173575401306,0.0,-0.02472071908414364,0.9951852560043335,-0.09484286606311798,0.0,0.1535099446773529,0.09752558171749115,0.9833226799964905,0.0,-0.0004206225275993347,0.15607932209968567,0.06718821078538895,1.0],"resolution":[720,540],"sequence":9,"timestamp":1696164963.866,"tracking":2,"trackingReason":0},{"exposure":0.0,"image":"frame_00000010.jpg","intrinsics":[548.5375366210938,548.5375366210938,360.29888916015625,257.2144470214844,0.0],"location":{"altitude":112.66112518310547,"altitudeAccuracy":2.3499341011047363,"heading":260.064208984375,"headingAccuracy":5.319994926452637,"headingTimestamp":1696164960000.0,"latitude":51.44691467285156,"longitude":7.034720420837402,"positionAccuracy":5.319994926452637,"positionSource":"corelocation","positionTimestamp":1696164960000.0},"pose":[-0.00030663609504699707,0.155701145529747,0.06695681065320969,-0.04944645240902901,0.07749421149492264,0.008498674258589745,0.9957296252250671],"pose4x4":[0.9878448247909546,0.009261135011911392,-0.15516701340675354,0.0,-0.024588391184806824,0.9949656128883362,-0.09715340286493301,0.0,0.15348610281944275,0.09978779405355453,0.9830994009971619,0.0,-0.00030663609504699707,0.155701145529747,0.06695681065320969,1.0],"resolution":[720,540],"sequence":10,"timestamp":1696164963.966,"tracking":2,"trackingReason":0},{"exposure":0.0,"image":"frame_00000011.jpg","intrinsics":[548.5375366210938,548.5375366210938,360.2947998046875,257.2358703613281,0.0],"location":{"altitude":112.66112518310547,"altitudeAccuracy":2.3499341011047363,"heading":260.064208984375,"headingAccuracy":5.319994926452637,"headingTimestamp":1696164960000.0,"latitude":51.44691467285156,"longitude":7.034720420837402,"positionAccuracy":5.319994926452637,"positionSource":"corelocation","positionTimestamp":1696164960000.0},"pose":[3.296881914138794e-05,0.15557844936847687,0.06634470075368881,-0.04960958659648895,0.07704459130764008,0.00823491346091032,0.995758593082428],"pose4x4":[0.9879926443099976,0.008755670860409737,-0.15425269305706024,0.0,-0.024044273421168327,0.9949421286582947,-0.09752943366765976,0.0,0.15261857211589813,0.10006725043058395,0.983206033706665,0.0,3.296881914138794e-05,0.15557844936847687,0.06634470075368881,1.0],"resolution":[720,540],"sequence":11,"timestamp":1696164964.049,"tracking":2,"trackingReason":0},{"exposure":0.0,"image":"frame_00000012.jpg","intrinsics":[548.7571411132813,548.7571411132813,360.2829284667969,257.234375,0.0],"location":{"altitude":112.66112518310547,"altitudeAccuracy":2.3499341011047363,"heading":260.064208984375,"headingAccuracy":5.319994926452637,"headingTimestamp":1696164960000.0,"latitude":51.44691467285156,"longitude":7.034720420837402,"positionAccuracy":5.319994926452637,"positionSource":"corelocation","positionTimestamp":1696164960000.0},"pose":[0.0005645930068567395,0.155910924077034,0.06619011610746384,-0.04849235713481903,0.0763547271490097,0.007844027131795883,0.9958699345588684],"pose4x4":[0.9882168769836426,0.00821802020072937,-0.15283949673175812,0.0,-0.023028502240777016,0.9951739311218262,-0.09538630396127701,0.0,0.1513179987668991,0.09778202325105667,0.9836369156837463,0.0,0.0005645930068567395,0.155910924077034,0.06619011610746384,1.0],"resolution":[720,540],"sequence":12,"timestamp":1696164964.133,"tracking":2,"trackingReason":0},{"exposure":0.0,"image":"frame_00000013.jpg","intrinsics":[548.5375366210938,548.5375366210938,360.27764892578125,257.2530212402344,0.0],"location":{"altitude":112.66112518310547,"altitudeAccuracy":2.3499341011047363,"heading":260.064208984375,"headingAccuracy":5.319994926452637,"headingTimestamp":1696164960000.0,"latitude":51.44691467285156,"longitude":7.034720420837402,"positionAccuracy":5.319994926452637,"positionSource":"corelocation","positionTimestamp":1696164960000.0},"pose":[0.00101448071654886,0.15632443130016327,0.06611251831054688,-0.04851608723402023,0.07635407149791718,0.00746455043554306,0.9958717226982117],"pose4x4":[0.9882286787033081,0.007458668202161789,-0.1528020203113556,0.0,-0.022276271134614944,0.9951809644699097,-0.09549170732498169,0.0,0.15135341882705688,0.09777149558067322,0.983632504940033,0.0,0.00101448071654886,0.15632443130016327,0.06611251831054688,1.0],"resolution":[720,540],"sequence":13,"timestamp":1696164964.216,"tracking":2,"trackingReason":0},{"exposure":0.0,"image":"frame_00000014.jpg","intrinsics":[548.5375366210938,548.5375366210938,360.27716064453125,257.2358703613281,0.0],"location":{"altitude":112.66112518310547,"altitudeAccuracy":2.3499341011047363,"heading":260.064208984375,"headingAccuracy":5.319994926452637,"headingTimestamp":1696164960000.0,"latitude":51.44691467285156,"longitude":7.034720420837402,"positionAccuracy":5.319994926452637,"positionSource":"corelocation","positionTimestamp":1696164960000.0},"pose":[0.0013908147811889648,0.15655115246772766,0.06582828611135483,-0.04847804829478264,0.07617627829313278,0.007107671350240707,0.9958897829055786],"pose4x4":[0.9882932901382446,0.006771159823983908,-0.15241548418998718,0.0,-0.021542668342590332,0.9951987266540527,-0.0954747125506401,0.0,0.15103721618652344,0.09764046221971512,0.9836940765380859,0.0,0.0013908147811889648,0.15655115246772766,0.06582828611135483,1.0],"resolution":[720,540],"sequence":14,"timestamp":1696164964.316,"tracking":2,"trackingReason":0},{"exposure":0.0,"image":"frame_00000015.jpg","intrinsics":[548.5375366210938,548.5375366210938,360.29022216796875,257.2315673828125,0.0],"location":{"altitude":112.66112518310547,"altitudeAccuracy":2.3499341011047363,"heading":260.064208984375,"headingAccuracy":5.319994926452637,"headingTimestamp":1696164960000.0,"latitude":51.44691467285156,"longitude":7.034720420837402,"positionAccuracy":5.319994926452637,"positionSource":"corelocation","positionTimestamp":1696164960000.0},"pose":[0.0014959871768951416,0.15633173286914825,0.06484891474246979,-0.04937327653169632,0.0765102356672287,0.007284235209226608,0.9958189129829407],"pose4x4":[0.988186240196228,0.006952436175197363,-0.15309996902942657,0.0,-0.02206267975270748,0.9950184226036072,-0.09721904993057251,0.0,0.15166138112545013,0.0994483232498169,0.9834169149398804,0.0,0.0014959871768951416,0.15633173286914825,0.06484891474246979,1.0],"resolution":[720,540],"sequence":15,"timestamp":1696164964.399,"tracking":2,"trackingReason":0},{"exposure":0.0,"image":"frame_00000016.jpg","intrinsics":[548.5375366210938,548.5375366210938,360.26849365234375,257.227294921875,0.0],"location":{"altitude":112.66112518310547,"altitudeAccuracy":2.3499341011047363,"heading":260.064208984375,"headingAccuracy":5.319994926452637,"headingTimestamp":1696164960000.0,"latitude":51.44691467285156,"longitude":7.034720420837402,"positionAccuracy":5.319994926452637,"positionSource":"corelocation","positionTimestamp":1696164960000.0},"pose":[0.0023267746437340975,0.15678252279758453,0.0640786662697792,-0.0502668097615242,0.07721693813800812,0.007255236618220806,0.9957199096679688],"pose4x4":[0.9879698157310486,0.0066854688338935375,-0.1545022875070572,0.0,-0.022211264818906784,0.9948412179946899,-0.09898287057876587,0.0,0.1530434936285019,0.10122378170490265,0.9830215573310852,0.0,0.0023267746437340975,0.15678252279758453,0.0640786662697792,1.0],"resolution":[720,540],"sequence":16,"timestamp":1696164964.499,"tracking":2,"trackingReason":0},{"exposure":0.0,"image":"frame_00000017.jpg","intrinsics":[548.31787109375,548.31787109375,360.2171936035156,257.2530212402344,0.0],"location":{"altitude":112.66112518310547,"altitudeAccuracy":2.3499341011047363,"heading":260.064208984375,"headingAccuracy":5.319994926452637,"headingTimestamp":1696164960000.0,"latitude":51.44691467285156,"longitude":7.034720420837402,"positionAccuracy":5.319994926452637,"positionSource":"corelocation","positionTimestamp":1696164960000.0},"pose":[0.0022416189312934875,0.15701009333133698,0.06326553225517273,-0.05250522866845131,0.07725615799427032,0.006912894546985626,0.9956037998199463],"pose4x4":[0.9879673719406128,0.00565230380743742,-0.1545589715242386,0.0,-0.0218777135014534,0.9943908452987671,-0.10348068177700043,0.0,0.15310712158679962,0.10561694204807281,0.9825493693351746,0.0,0.0022416189312934875,0.15701009333133698,0.06326553225517273,1.0],"resolution":[720,540],"sequence":17,"timestamp":1696164964.599,"tracking":2,"trackingReason":0},{"exposure":0.0,"image":"frame_00000018.jpg","intrinsics":[548.31787109375,548.31787109375,360.29949951171875,257.24871826171875,0.0],"location":{"altitude":112.66112518310547,"altitudeAccuracy":2.3499341011047363,"heading":260.064208984375,"headingAccuracy":5.319994926452637,"headingTimestamp":1696164960000.0,"latitude":51.44691467285156,"longitude":7.034720420837402,"positionAccuracy":5.319994926452637,"positionSource":"corelocation","positionTimestamp":1696164960000.0},"pose":[0.001942269504070282,0.15661746263504028,0.06244472414255142,-0.05370301008224487,0.07708293199539185,0.007376750465482473,0.9955499768257141],"pose4x4":[0.9880076050758362,0.006408676505088806,-0.1542721390724182,0.0,-0.02296701818704605,0.9941231608390808,-0.10579081624746323,0.0,0.15268751978874207,0.10806529968976974,0.9823484420776367,0.0,0.001942269504070282,0.15661746263504028,0.06244472414255142,1.0],"resolution":[720,540],"sequence":18,"timestamp":1696164964.699,"tracking":2,"trackingReason":0},{"exposure":0.0,"image":"frame_00000019.jpg","intrinsics":[548.0982055664063,548.0982055664063,360.26898193359375,257.2358703613281,0.0],"location":{"altitude":112.66112518310547,"altitudeAccuracy":2.3499341011047363,"heading":260.064208984375,"headingAccuracy":5.319994926452637,"headingTimestamp":1696164960000.0,"latitude":51.44691467285156,"longitude":7.034720420837402,"positionAccuracy":5.319994926452637,"positionSource":"corelocation","positionTimestamp":1696164960000.0},"pose":[0.001692126621492207,0.15636567771434784,0.060881320387125015,-0.054428379982709885,0.07753048837184906,0.00726162176579237,0.9954766631126404],"pose4x4":[0.9878726005554199,0.006017832085490227,-0.15515005588531494,0.0,-0.0228972677141428,0.9939696192741394,-0.10723837465047836,0.0,0.15356910228729248,0.10949035733938217,0.9820531606674194,0.0,0.001692126621492207,0.15636567771434784,0.060881320387125015,1.0],"resolution":[720,540],"sequence":19,"timestamp":1696164964.799,"tracking":2,"trackingReason":0},{"exposure":0.0,"image":"frame_00000020.jpg","intrinsics":[548.31787109375,548.31787109375,360.2862548828125,257.227294921875,0.0],"location":{"altitude":112.66112518310547,"altitudeAccuracy":2.3499341011047363,"heading":260.064208984375,"headingAccuracy":5.319994926452637,"headingTimestamp":1696164960000.0,"latitude":51.44691467285156,"longitude":7.034720420837402,"positionAccuracy":5.319994926452637,"positionSource":"corelocation","positionTimestamp":1696164960000.0},"pose":[0.00118242425378412,0.15599708259105682,0.06134592741727829,-0.05497558042407036,0.07768475264310837,0.007575669791549444,0.9954322576522827],"pose4x4":[0.9878153800964355,0.006540603004395962,-0.15549278259277344,0.0,-0.02362366020679474,0.9938405752182007,-0.10827190428972244,0.0,0.15382686257362366,0.11062595993280411,0.981885552406311,0.0,0.00118242425378412,0.15599708259105682,0.06134592741727829,1.0],"resolution":[720,540],"sequence":20,"timestamp":1696164964.899,"tracking":2,"trackingReason":0},{"exposure":0.0,"image":"frame_00000021.jpg","intrinsics":[548.5375366210938,548.5375366210938,360.2428894042969,257.24444580078125,0.0],"location":{"altitude":112.66112518310547,"altitudeAccuracy":2.3499341011047363,"heading":260.064208984375,"headingAccuracy":5.319994926452637,"headingTimestamp":1696164960000.0,"latitude":51.44691467285156,"longitude":7.034720420837402,"positionAccuracy":5.319994926452637,"positionSource":"corelocation","positionTimestamp":1696164960000.0},"pose":[0.0018801167607307434,0.15520860254764557,0.06177051365375519,-0.05494563654065132,0.07770925760269165,0.007957620546221733,0.9954290390014648],"pose4x4":[0.987795889377594,0.007302924059331417,-0.15558257699012756,0.0,-0.024382062256336212,0.9938353300094604,-0.10815220326185226,0.0,0.15383362770080566,0.110625721514225,0.9818844795227051,0.0,0.0018801167607307434,0.15520860254764557,0.06177051365375519,1.0],"resolution":[720,540],"sequence":21,"timestamp":1696164964.999,"tracking":2,"trackingReason":0},{"exposure":0.0,"image":"frame_00000022.jpg","intrinsics":[548.31787109375,548.31787109375,360.2862548828125,257.227294921875,0.0],"location":{"altitude":112.66112518310547,"altitudeAccuracy":2.3499341011047363,"heading":260.064208984375,"headingAccuracy":5.319994926452637,"headingTimestamp":1696164960000.0,"latitude":51.44691467285156,"longitude":7.034720420837402,"positionAccuracy":5.319994926452637,"positionSource":"corelocation","positionTimestamp":1696164960000.0},"pose":[0.0030324161052703857,0.15435993671417236,0.061882540583610535,-0.05548727884888649,0.0770614966750145,0.008334415033459663,0.9954462647438049],"pose4x4":[0.9879841208457947,0.008041059598326683,-0.15434607863426208,0.0,-0.02514479123055935,0.9937034249305725,-0.10918468236923218,0.0,0.15249624848365784,0.11175373196601868,0.9819653630256653,0.0,0.0030324161052703857,0.15435993671417236,0.061882540583610535,1.0],"resolution":[720,540],"sequence":22,"timestamp":1696164965.082,"tracking":2,"trackingReason":0},{"exposure":0.0,"image":"frame_00000023.jpg","intrinsics":[548.5375366210938,548.5375366210938,360.2189025878906,257.284423828125,0.0],"location":{"altitude":112.66112518310547,"altitudeAccuracy":2.3499341011047363,"heading":260.064208984375,"headingAccuracy":5.319994926452637,"headingTimestamp":1696164960000.0,"latitude":51.44691467285156,"longitude":7.034720420837402,"positionAccuracy":5.319994926452637,"positionSource":"corelocation","positionTimestamp":1696164960000.0},"pose":[0.003904692828655243,0.1540738344192505,0.06258927285671234,-0.055944573134183884,0.07730807363986969,0.008274919353425503,0.9954020380973816],"pose4x4":[0.9879099726676941,0.00782380998134613,-0.15483109652996063,0.0,-0.025123678147792816,0.9936034679412842,-0.11009524762630463,0.0,0.15297935903072357,0.11265411972999573,0.9817873239517212,0.0,0.003904692828655243,0.1540738344192505,0.06258927285671234,1.0],"resolution":[720,540],"sequence":23,"timestamp":1696164965.166,"tracking":2,"trackingReason":0},{"exposure":0.0,"image":"frame_00000024.jpg","intrinsics":[548.7571411132813,548.7571411132813,360.31939697265625,257.24871826171875,0.0],"location":{"altitude":112.66112518310547,"altitudeAccuracy":2.3499341011047363,"heading":260.064208984375,"headingAccuracy":5.319994926452637,"headingTimestamp":1696164960000.0,"latitude":51.44691467285156,"longitude":7.034720420837402,"positionAccuracy":5.319994926452637,"positionSource":"corelocation","positionTimestamp":1696164960000.0},"pose":[0.005096986889839172,0.15345729887485504,0.06279220432043076,-0.05690104886889458,0.07729950547218323,0.008446209132671356,0.9953470230102539],"pose4x4":[0.9879068732261658,0.008016972802579403,-0.1548408716917038,0.0,-0.02561066299676895,0.9933818578720093,-0.1119668036699295,0.0,0.1529184728860855,0.11457835137844086,0.9815741181373596,0.0,0.005096986889839172,0.15345729887485504,0.06279220432043076,1.0],"resolution":[720,540],"sequence":24,"timestamp":1696164965.249,"tracking":2,"trackingReason":0},{"exposure":0.0,"image":"frame_00000025.jpg","intrinsics":[548.31787109375,548.31787109375,360.30499267578125,257.227294921875,0.0],"location":{"altitude":112.66112518310547,"altitudeAccuracy":2.3499341011047363,"heading":260.064208984375,"headingAccuracy":5.319994926452637,"headingTimestamp":1696164960000.0,"latitude":51.44691467285156,"longitude":7.034720420837402,"positionAccuracy":5.319994926452637,"positionSource":"corelocation","positionTimestamp":1696164960000.0},"pose":[0.006445489823818207,0.15217025578022003,0.06314178556203842,-0.05861577391624451,0.07677696645259857,0.009060763753950596,0.9952825903892517],"pose4x4":[0.988046407699585,0.009035359136760235,-0.15389177203178406,0.0,-0.027036722749471664,0.9929642081260681,-0.11528720706701279,0.0,0.15176734328269958,0.1180698350071907,0.9813389778137207,0.0,0.006445489823818207,0.15217025578022003,0.06314178556203842,1.0],"resolution":[720,540],"sequence":25,"timestamp":1696164965.349,"tracking":2,"trackingReason":0},{"exposure":0.0,"image":"frame_00000026.jpg","intrinsics":[548.5375366210938,548.5375366210938,360.3195495605469,257.23443603515625,0.0],"location":{"altitude":112.66112518310547,"altitudeAccuracy":2.3499341011047363,"heading":260.064208984375,"headingAccuracy":5.319994926452637,"headingTimestamp":1696164960000.0,"latitude":51.44691467285156,"longitude":7.034720420837402,"positionAccuracy":5.319994926452637,"positionSource":"corelocation","positionTimestamp":1696164960000.0},"pose":[0.007030226290225983,0.15141575038433075,0.06389100104570389,-0.05958280712366104,0.07736480236053467,0.008213876746594906,0.995186984539032],"pose4x4":[0.9878944158554077,0.007129461504518986,-0.15496370196342468,0.0,-0.025567911565303802,0.9927648305892944,-0.11732114106416702,0.0,0.15300607681274414,0.11986299604177475,0.9809291362762451,0.0,0.007030226290225983,0.15141575038433075,0.06389100104570389,1.0],"resolution":[720,540],"sequence":26,"timestamp":1696164965.449,"tracking":2,"trackingReason":0},{"exposure":0.0,"image":"frame_00000027.jpg","intrinsics":[548.5375366210938,548.5375366210938,360.291015625,257.265869140625,0.0],"location":{"altitude":112.66112518310547,"altitudeAccuracy":2.3499341011047363,"heading":260.064208984375,"headingAccuracy":5.319994926452637,"headingTimestamp":1696164960000.0,"latitude":51.44691467285156,"longitude":7.034720420837402,"positionAccuracy":5.319994926452637,"positionSource":"corelocation","positionTimestamp":1696164960000.0},"pose":[0.007147878408432007,0.15083490312099457,0.06462428718805313,-0.060129787772893906,0.0777720957994461,0.008174517191946507,0.9951226115226746],"pose4x4":[0.987769365310669,0.006916454993188381,-0.15576860308647156,0.0,-0.025622133165597916,0.992635190486908,-0.11840151995420456,0.0,0.15380248427391052,0.12094452232122421,0.9806718230247498,0.0,0.007147878408432007,0.15083490312099457,0.06462428718805313,1.0],"resolution":[720,540],"sequence":27,"timestamp":1696164965.532,"tracking":2,"trackingReason":0},{"exposure":0.0,"image":"frame_00000028.jpg","intrinsics":[548.5375366210938,548.5375366210938,360.27764892578125,257.2358703613281,0.0],"location":{"altitude":112.66112518310547,"altitudeAccuracy":2.3499341011047363,"heading":260.064208984375,"headingAccuracy":5.319994926452637,"headingTimestamp":1696164960000.0,"latitude":51.44691467285156,"longitude":7.034720420837402,"positionAccuracy":5.319994926452637,"positionSource":"corelocation","positionTimestamp":1696164960000.0},"pose":[0.007983304560184479,0.1502489298582077,0.06536179035902023,-0.060707561671733856,0.0784689337015152,0.008367011323571205,0.9950312376022339],"pose4x4":[0.9875452518463135,0.007123560644686222,-0.15717396140098572,0.0,-0.02617819234728813,0.9924891591072083,-0.11949874460697174,0.0,0.1551421880722046,0.12212494015693665,0.9803144335746765,0.0,0.007983304560184479,0.1502489298582077,0.06536179035902023,1.0],"resolution":[720,540],"sequence":28,"timestamp":1696164965.632,"tracking":2,"trackingReason":0},{"exposure":0.0,"image":"frame_00000029.jpg","intrinsics":[548.5375366210938,548.5375366210938,360.31231689453125,257.2358703613281,0.0],"location":{"altitude":112.66112518310547,"altitudeAccuracy":2.3499341011047363,"heading":260.064208984375,"headingAccuracy":5.319994926452637,"headingTimestamp":1696164960000.0,"latitude":51.44691467285156,"longitude":7.034720420837402,"positionAccuracy":5.319994926452637,"positionSource":"corelocation","positionTimestamp":1696164960000.0},"pose":[0.0071973674930632114,0.1501518189907074,0.06404630094766617,-0.061167072504758835,0.07810625433921814,0.008963366039097309,0.9950264692306519],"pose4x4":[0.9876381158828735,0.008282510563731194,-0.15653210878372192,0.0,-0.027392635121941566,0.9923564791679382,-0.12032552808523178,0.0,0.1543390452861786,0.12312590330839157,0.9803159832954407,0.0,0.0071973674930632114,0.1501518189907074,0.06404630094766617,1.0],"resolution":[720,540],"sequence":29,"timestamp":1696164965.732,"tracking":2,"trackingReason":0},{"exposure":0.0,"image":"frame_00000030.jpg","intrinsics":[548.31787109375,548.31787109375,360.29522705078125,257.2530212402344,0.0],"location":{"altitude":112.66112518310547,"altitudeAccuracy":2.3499341011047363,"heading":260.064208984375,"headingAccuracy":5.319994926452637,"headingTimestamp":1696164960000.0,"latitude":51.44691467285156,"longitude":7.034720420837402,"positionAccuracy":5.319994926452637,"positionSource":"corelocation","positionTimestamp":1696164960000.0},"pose":[0.0069569870829582214,0.1503727287054062,0.06373652070760727,-0.06117952615022659,0.07848717272281647,0.008872936479747295,0.9949965476989746],"pose4x4":[0.9875220656394958,0.00805346667766571,-0.15727461874485016,0.0,-0.02726069837808609,0.9923566579818726,-0.12035401165485382,0.0,0.15510325133800507,0.12313966453075409,0.9801936745643616,0.0,0.0069569870829582214,0.1503727287054062,0.06373652070760727,1.0],"resolution":[720,540],"sequence":30,"timestamp":1696164965.832,"tracking":2,"trackingReason":0},{"exposure":0.0,"image":"frame_00000031.jpg","intrinsics":[548.5375366210938,548.5375366210938,360.2723083496094,257.2094421386719,0.0],"location":{"altitude":112.66112518310547,"altitudeAccuracy":2.3499341011047363,"heading":260.064208984375,"headingAccuracy":5.319994926452637,"headingTimestamp":1696164960000.0,"latitude":51.44691467285156,"longitude":7.034720420837402,"positionAccuracy":5.319994926452637,"positionSource":"corelocation","positionTimestamp":1696164960000.0},"pose":[0.006372871343046427,0.1503801792860031,0.06333396583795547,-0.06203080713748932,0.0797220841050148,0.008765563368797302,0.9948465824127197],"pose4x4":[0.987135112285614,0.0075503308326005936,-0.15970996022224426,0.0,-0.02733123116195202,0.9921506643295288,-0.12202465534210205,0.0,0.15753501653671265,0.12481988966464996,0.9795931577682495,0.0,0.006372871343046427,0.1503801792860031,0.06333396583795547,1.0],"resolution":[720,540],"sequence":31,"timestamp":1696164965.932,"tracking":2,"trackingReason":0},{"exposure":0.0,"image":"frame_00000032.jpg","intrinsics":[548.5375366210938,548.5375366210938,360.29046630859375,257.22015380859375,0.0],"location":{"altitude":112.66112518310547,"altitudeAccuracy":2.3499341011047363,"heading":260.064208984375,"headingAccuracy":5.319994926452637,"headingTimestamp":1696164960000.0,"latitude":51.44691467285156,"longitude":7.034720420837402,"positionAccuracy":5.319994926452637,"positionSource":"corelocation","positionTimestamp":1696164960000.0},"pose":[0.006937436759471893,0.14960506558418274,0.06357759982347488,-0.06256081163883209,0.07985269278287888,0.008659658022224903,0.9948039054870605],"pose4x4":[0.9870971441268921,0.007238023914396763,-0.15995904803276062,0.0,-0.027220621705055237,0.9920223355293274,-0.12308848649263382,0.0,0.15779203176498413,0.1258544772863388,0.9794194102287292,0.0,0.006937436759471893,0.14960506558418274,0.06357759982347488,1.0],"resolution":[720,540],"sequence":32,"timestamp":1696164966.032,"tracking":2,"trackingReason":0},{"exposure":0.0,"image":"frame_00000033.jpg","intrinsics":[548.0982055664063,548.0982055664063,360.26141357421875,257.33013916015625,0.0],"location":{"altitude":112.66112518310547,"altitudeAccuracy":2.3499341011047363,"heading":260.064208984375,"headingAccuracy":5.319994926452637,"headingTimestamp":1696164960000.0,"latitude":51.44691467285156,"longitude":7.034720420837402,"positionAccuracy":5.319994926452637,"positionSource":"corelocation","positionTimestamp":1696164960000.0},"pose":[0.007348435465246439,0.14897413551807404,0.06360598653554916,-0.0629144161939621,0.08027111738920212,0.009084601886570454,0.994744062423706],"pose4x4":[0.9869480133056641,0.007973287254571915,-0.16084153950214386,0.0,-0.028174128383398056,0.9919185042381287,-0.12370902299880981,0.0,0.15855534374713898,0.12662595510482788,0.9791966676712036,0.0,0.007348435465246439,0.14897413551807404,0.06360598653554916,1.0],"resolution":[720,540],"sequence":33,"timestamp":1696164966.115,"tracking":2,"trackingReason":0},{"exposure":0.0,"image":"frame_00000034.jpg","intrinsics":[548.5375366210938,548.5375366210938,360.29949951171875,257.24871826171875,0.0],"location":{"altitude":112.66112518310547,"altitudeAccuracy":2.3499341011047363,"heading":260.064208984375,"headingAccuracy":5.319994926452637,"headingTimestamp":1696164960000.0,"latitude":51.44691467285156,"longitude":7.034720420837402,"positionAccuracy":5.319994926452637,"positionSource":"corelocation","positionTimestamp":1696164960000.0},"pose":[0.00770830363035202,0.14864632487297058,0.06352081149816513,-0.06310823559761047,0.08014416694641113,0.009330506436526775,0.9947397708892822],"pose4x4":[0.9869797229766846,0.00844733789563179,-0.16062285006046295,0.0,-0.02867836505174637,0.991860568523407,-0.12405698001384735,0.0,0.15826751291751862,0.12704811990261078,0.9791885018348694,0.0,0.00770830363035202,0.14864632487297058,0.06352081149816513,1.0],"resolution":[720,540],"sequence":34,"timestamp":1696164966.199,"tracking":2,"trackingReason":0},{"exposure":0.0,"image":"frame_00000035.jpg","intrinsics":[548.31787109375,548.31787109375,360.27294921875,257.2665710449219,0.0],"location":{"altitude":112.66112518310547,"altitudeAccuracy":2.3499341011047363,"heading":260.064208984375,"headingAccuracy":5.319994926452637,"headingTimestamp":1696164960000.0,"latitude":51.44691467285156,"longitude":7.034720420837402,"positionAccuracy":5.319994926452637,"positionSource":"corelocation","positionTimestamp":1696164960000.0},"pose":[0.007437745574861765,0.1484736055135727,0.0635075718164444,-0.06411018967628479,0.0805952176451683,0.008803429082036018,0.994644045829773],"pose4x4":[0.986853837966919,0.00717860646545887,-0.1614558845758438,0.0,-0.027846505865454674,0.9916247725486755,-0.1261146068572998,0.0,0.1591983288526535,0.12895265221595764,0.9787886142730713,0.0,0.007437745574861765,0.1484736055135727,0.0635075718164444,1.0],"resolution":[720,540],"sequence":35,"timestamp":1696164966.282,"tracking":2,"trackingReason":0},{"exposure":0.0,"image":"frame_00000036.jpg","intrinsics":[548.31787109375,548.31787109375,360.2840881347656,257.29156494140625,0.0],"location":{"altitude":112.66112518310547,"altitudeAccuracy":2.3499341011047363,"heading":260.064208984375,"headingAccuracy":5.319994926452637,"headingTimestamp":1696164960000.0,"latitude":51.44691467285156,"longitude":7.034720420837402,"positionAccuracy":5.319994926452637,"positionSource":"corelocation","positionTimestamp":1696164960000.0},"pose":[0.007372729480266571,0.1483621448278427,0.06334275007247925,-0.06495016813278198,0.08031289279460907,0.008646339178085327,0.994613766670227],"pose4x4":[0.986950159072876,0.006766865029931068,-0.16088378429412842,0.0,-0.027632208541035652,0.991413414478302,-0.12781184911727905,0.0,0.15863746404647827,0.13058948516845703,0.9786626100540161,0.0,0.007372729480266571,0.1483621448278427,0.06334275007247925,1.0],"resolution":[720,540],"sequence":36,"timestamp":1696164966.382,"tracking":2,"trackingReason":0},{"exposure":0.0,"image":"frame_00000037.jpg","intrinsics":[548.31787109375,548.31787109375,360.26226806640625,257.27728271484375,0.0],"location":{"altitude":112.66112518310547,"altitudeAccuracy":2.3499341011047363,"heading":260.064208984375,"headingAccuracy":5.319994926452637,"headingTimestamp":1696164960000.0,"latitude":51.44691467285156,"longitude":7.034720420837402,"positionAccuracy":5.319994926452637,"positionSource":"corelocation","positionTimestamp":1696164960000.0},"pose":[0.00810272991657257,0.14818622171878815,0.06382577866315842,-0.06567484140396118,0.08007954061031342,0.008736502379179,0.9945842027664185],"pose4x4":[0.9870218634605408,0.006859952583909035,-0.16043923795223236,0.0,-0.02789679728448391,0.9912209510803223,-0.12923908233642578,0.0,0.15814416110515594,0.13203755021095276,0.9785481691360474,0.0,0.00810272991657257,0.14818622171878815,0.06382577866315842,1.0],"resolution":[720,540],"sequence":37,"timestamp":1696164966.482,"tracking":2,"trackingReason":0},{"exposure":0.0,"image":"frame_00000038.jpg","intrinsics":[548.0982055664063,548.0982055664063,360.3170166015625,257.265869140625,0.0],"location":{"altitude":112.66112518310547,"altitudeAccuracy":2.3499341011047363,"heading":260.064208984375,"headingAccuracy":5.319994926452637,"headingTimestamp":1696164960000.0,"latitude":51.44691467285156,"longitude":7.034720420837402,"positionAccuracy":5.319994926452637,"positionSource":"corelocation","positionTimestamp":1696164960000.0},"pose":[0.00783037394285202,0.14789852499961853,0.0641099289059639,-0.06628764420747757,0.07968448847532272,0.008571664802730083,0.9945766925811768],"pose4x4":[0.9871538281440735,0.006486161611974239,-0.1596410572528839,0.0,-0.027614548802375793,0.9910649657249451,-0.1304902285337448,0.0,0.1573682725429535,0.13322235643863678,0.9785126447677612,0.0,0.00783037394285202,0.14789852499961853,0.0641099289059639,1.0],"resolution":[720,540],"sequence":38,"timestamp":1696164966.565,"tracking":2,"trackingReason":0},{"exposure":0.0,"image":"frame_00000039.jpg","intrinsics":[548.31787109375,548.31787109375,360.3018493652344,257.2522888183594,0.0],"location":{"altitude":112.66112518310547,"altitudeAccuracy":2.3499341011047363,"heading":260.064208984375,"headingAccuracy":5.319994926452637,"headingTimestamp":1696164960000.0,"latitude":51.44691467285156,"longitude":7.034720420837402,"positionAccuracy":5.319994926452637,"positionSource":"corelocation","positionTimestamp":1696164960000.0},"pose":[0.007401213049888611,0.1475602388381958,0.06432493031024933,-0.06699687987565994,0.07961563020944595,0.008975000120699406,0.9945311546325684],"pose4x4":[0.9871615767478943,0.007183837704360485,-0.15956304967403412,0.0,-0.028519831597805023,0.990861713886261,-0.13183186948299408,0.0,0.15715785324573517,0.134690061211586,0.978345513343811,0.0,0.007401213049888611,0.1475602388381958,0.06432493031024933,1.0],"resolution":[720,540],"sequence":39,"timestam