{"app":"com.DefaultCompany.HummingHavoc-ARDK3-Test2","autofocus":1,"captureGroup":{"sequence":0,"uuid":"018aad28-818b-701b-801d-50a50000ffff"},"coordinates":"opengl","depthSource":"none","duration":73.527,"formatVersion":"1","frameCount":874,"framerate":11.873189440613652,"frames":[{"exposure":0.0,"image":"frame_00000000.jpg","intrinsics":[547.6588745117188,547.6588745117188,353.8533020019531,268.47869873046875,0.0],"location":{"altitude":111.91373443603516,"altitudeAccuracy":3.0264031887054443,"heading":88.72833251953125,"headingAccuracy":4.966429233551025,"headingTimestamp":1695122224000.0,"latitude":51.447444915771484,"longitude":7.035134792327881,"positionAccuracy":4.966429233551025,"positionSource":"corelocation","positionTimestamp":1695122224000.0},"pose":[0.012668820098042488,0.013647034764289856,0.00910549983382225,-0.3387317955493927,-0.29955241084098816,-0.6255053877830505,0.6358239054679871],"pose4x4":[0.038022756576538086,-0.5924867391586304,0.8046823143959045,0.0,0.9983583688735962,-0.011992454528808594,-0.05600425601005554,0.0,0.04283195734024048,0.8054908514022827,0.5910582542419434,0.0,0.012668820098042488,0.013647034764289856,0.00910549983382225,1.0],"resolution":[720,540],"sequence":0,"timestamp":1695122227.0,"tracking":2,"trackingReason":0},{"exposure":0.0,"image":"frame_00000001.jpg","intrinsics":[547.4392700195313,547.4392700195313,353.8213806152344,268.44012451171875,0.0],"location":{"altitude":111.91373443603516,"altitudeAccuracy":3.0264031887054443,"heading":88.72833251953125,"headingAccuracy":4.966429233551025,"headingTimestamp":1695122224000.0,"latitude":51.447444915771484,"longitude":7.035134792327881,"positionAccuracy":4.966429233551025,"positionSource":"corelocation","positionTimestamp":1695122224000.0},"pose":[0.013040038757026196,0.013145984150469303,0.009147342294454575,-0.33766159415245056,-0.30075395107269287,-0.625678300857544,0.6356564164161682],"pose4x4":[0.036147475242614746,-0.5923267602920532,0.8048874139785767,0.0,0.9985389709472656,-0.010977387428283691,-0.05292308330535889,0.0,0.04018270969390869,0.8056239485740662,0.591063380241394,0.0,0.013040038757026196,0.013145984150469303,0.009147342294454575,1.0],"resolution":[720,540],"sequence":1,"timestamp":1695122227.083,"tracking":2,"trackingReason":0},{"exposure":0.0,"image":"frame_00000002.jpg","intrinsics":[547.6588745117188,547.6588745117188,353.8078308105469,268.39300537109375,0.0],"location":{"altitude":111.91373443603516,"altitudeAccuracy":3.0264031887054443,"heading":88.72833251953125,"headingAccuracy":4.966429233551025,"headingTimestamp":1695122224000.0,"latitude":51.447444915771484,"longitude":7.035134792327881,"positionAccuracy":4.966429233551025,"positionSource":"corelocation","positionTimestamp":1695122224000.0},"pose":[0.013357691466808319,0.012026429176330566,0.00907667726278305,-0.3362084627151489,-0.3060663044452667,-0.6238360404968262,0.6357014775276184],"pose4x4":[0.034304022789001465,-0.5873427987098694,0.8086115121841431,0.0,0.9989511370658875,-0.004415035247802734,-0.04558604955673218,0.0,0.03034430742263794,0.8093268275260925,0.5865745544433594,0.0,0.013357691466808319,0.012026429176330566,0.00907667726278305,1.0],"resolution":[720,540],"sequence":2,"timestamp":1695122227.183,"tracking":2,"trackingReason":0},{"exposure":0.0,"image":"frame_00000003.jpg","intrinsics":[547.8785400390625,547.8785400390625,353.7777404785156,268.4486999511719,0.0],"location":{"altitude":111.91373443603516,"altitudeAccuracy":3.0264031887054443,"heading":88.72833251953125,"headingAccuracy":4.966429233551025,"headingTimestamp":1695122224000.0,"latitude":51.447444915771484,"longitude":7.035134792327881,"positionAccuracy":4.966429233551025,"positionSource":"corelocation","positionTimestamp":1695122224000.0},"pose":[0.013482723385095596,0.01107276976108551,0.009022295475006104,-0.33549508452415466,-0.3082316815853119,-0.6229825019836426,0.6358689069747925],"pose4x4":[0.033772051334381104,-0.5854499936103821,0.8100050091743469,0.0,0.999090850353241,-0.0013283491134643555,-0.04261589050292969,0.0,0.026025235652923584,0.810707688331604,0.5848725438117981,0.0,0.013482723385095596,0.01107276976108551,0.009022295475006104,1.0],"resolution":[720,540],"sequence":3,"timestamp":1695122227.283,"tracking":2,"trackingReason":0},{"exposure":0.0,"image":"frame_00000004.jpg","intrinsics":[547.8785400390625,547.8785400390625,353.7523193359375,268.4997253417969,0.0],"location":{"altitude":111.91373443603516,"altitudeAccuracy":3.0264031887054443,"heading":88.72833251953125,"headingAccuracy":4.966429233551025,"headingTimestamp":1695122224000.0,"latitude":51.447444915771484,"longitude":7.035134792327881,"positionAccuracy":4.966429233551025,"positionSource":"corelocation","positionTimestamp":1695122224000.0},"pose":[0.013597882352769375,0.011336919851601124,0.009521525353193283,-0.3346075415611267,-0.3073200285434723,-0.6235609650611877,0.6362113356590271],"pose4x4":[0.03345227241516113,-0.5877699255943298,0.808337390422821,0.0,0.9990963339805603,-0.001580953598022461,-0.042496681213378906,0.0,0.026255428791046143,0.8090277910232544,0.5871843695640564,0.0,0.013597882352769375,0.011336919851601124,0.009521525353193283,1.0],"resolution":[720,540],"sequence":4,"timestamp":1695122227.383,"tracking":2,"trackingReason":0},{"exposure":0.0,"image":"frame_00000005.jpg","intrinsics":[547.8785400390625,547.8785400390625,353.7908935546875,268.4615478515625,0.0],"location":{"altitude":111.91373443603516,"altitudeAccuracy":3.0264031887054443,"heading":88.72833251953125,"headingAccuracy":4.966429233551025,"headingTimestamp":1695122224000.0,"latitude":51.447444915771484,"longitude":7.035134792327881,"positionAccuracy":4.966429233551025,"positionSource":"corelocation","positionTimestamp":1695122224000.0},"pose":[0.012563551776111126,0.011693504638969898,0.009937465190887451,-0.3352665901184082,-0.30643749237060547,-0.6227224469184875,0.6371097564697266],"pose4x4":[0.03662562370300293,-0.5880085825920105,0.8080247044563293,0.0,0.9989616274833679,-0.00037384033203125,-0.045552223920822144,0.0,0.02708745002746582,0.8088542222976685,0.5873847603797913,0.0,0.012563551776111126,0.011693504638969898,0.009937465190887451,1.0],"resolution":[720,540],"sequence":5,"timestamp":1695122227.483,"tracking":2,"trackingReason":0},{"exposure":0.0,"image":"frame_00000006.jpg","intrinsics":[547.8785400390625,547.8785400390625,353.82049560546875,268.38873291015625,0.0],"location":{"altitude":111.91373443603516,"altitudeAccuracy":3.0264031887054443,"heading":88.72833251953125,"headingAccuracy":4.966429233551025,"headingTimestamp":1695122224000.0,"latitude":51.447444915771484,"longitude":7.035134792327881,"positionAccuracy":4.966429233551025,"positionSource":"corelocation","positionTimestamp":1695122224000.0},"pose":[0.011064556427299976,0.012025509960949421,0.010215073823928833,-0.33583304286003113,-0.305565744638443,-0.6219630241394043,0.637971043586731],"pose4x4":[0.03958320617675781,-0.5883506536483765,0.8076356649398804,0.0,0.9988269805908203,0.000756382942199707,-0.04840230941772461,0.0,0.027867257595062256,0.8086047172546387,0.5876914858818054,0.0,0.011064556427299976,0.012025509960949421,0.010215073823928833,1.0],"resolution":[720,540],"sequence":6,"timestamp":1695122227.583,"tracking":2,"trackingReason":0},{"exposure":0.0,"image":"frame_00000007.jpg","intrinsics":[548.0982055664063,548.0982055664063,353.8289489746094,268.380126953125,0.0],"location":{"altitude":111.91373443603516,"altitudeAccuracy":3.0264031887054443,"heading":88.72833251953125,"headingAccuracy":4.966429233551025,"headingTimestamp":1695122224000.0,"latitude":51.447444915771484,"longitude":7.035134792327881,"positionAccuracy":4.966429233551025,"positionSource":"corelocation","positionTimestamp":1695122224000.0},"pose":[0.010427621193230152,0.012471121735870838,0.011489294469356537,-0.3368133008480072,-0.3032989799976349,-0.621314525604248,0.639167308807373],"pose4x4":[0.043955981731414795,-0.5899375677108765,0.8062515258789063,0.0,0.9985581636428833,0.001050114631652832,-0.05367198586463928,0.0,0.03081640601158142,0.8074482679367065,0.5891330242156982,0.0,0.010427621193230152,0.012471121735870838,0.011489294469356537,1.0],"resolution":[720,540],"sequence":7,"timestamp":1695122227.683,"tracking":2,"trackingReason":0},{"exposure":0.0,"image":"frame_00000008.jpg","intrinsics":[547.8785400390625,547.8785400390625,353.8029479980469,268.380126953125,0.0],"location":{"altitude":111.91373443603516,"altitudeAccuracy":3.0264031887054443,"heading":88.72833251953125,"headingAccuracy":4.966429233551025,"headingTimestamp":1695122224000.0,"latitude":51.447444915771484,"longitude":7.035134792327881,"positionAccuracy":4.966429233551025,"positionSource":"corelocation","positionTimestamp":1695122224000.0},"pose":[0.009281913749873638,0.012642831541597843,0.011727891862392426,-0.33851298689842224,-0.3011462688446045,-0.6208207011222839,0.6397668719291687],"pose4x4":[0.047785162925720215,-0.5904772281646729,0.8056385517120361,0.0,0.9982448816299438,-1.8835067749023438e-05,-0.05922311544418335,0.0,0.03498494625091553,0.8070544600486755,0.5894397497177124,0.0,0.009281913749873638,0.012642831541597843,0.011727891862392426,1.0],"resolution":[720,540],"sequence":8,"timestamp":1695122227.766,"tracking":2,"trackingReason":0},{"exposure":0.0,"image":"frame_00000009.jpg","intrinsics":[547.8785400390625,547.8785400390625,353.7771301269531,268.39727783203125,0.0],"location":{"altitude":111.91373443603516,"altitudeAccuracy":3.0264031887054443,"heading":88.72833251953125,"headingAccuracy":4.966429233551025,"headingTimestamp":1695122224000.0,"latitude":51.447444915771484,"longitude":7.035134792327881,"positionAccuracy":4.966429233551025,"positionSource":"corelocation","positionTimestamp":1695122224000.0},"pose":[0.007532337214797735,0.013071425259113312,0.011585921049118042,-0.340143620967865,-0.2985263466835022,-0.6203179955482483,0.6406170725822449],"pose4x4":[0.05217522382736206,-0.5916889905929565,0.8044765591621399,0.0,0.9978562593460083,-0.00098419189453125,-0.06544110178947449,0.0,0.0395122766494751,0.8061661720275879,0.5903686881065369,0.0,0.007532337214797735,0.013071425259113312,0.011585921049118042,1.0],"resolution":[720,540],"sequence":9,"timestamp":1695122227.849,"tracking":2,"trackingReason":0},{"exposure":0.0,"image":"frame_00000010.jpg","intrinsics":[547.8785400390625,547.8785400390625,353.77276611328125,268.39300537109375,0.0],"location":{"altitude":111.91373443603516,"altitudeAccuracy":3.0264031887054443,"heading":88.72833251953125,"headingAccuracy":4.966429233551025,"headingTimestamp":1695122224000.0,"latitude":51.447444915771484,"longitude":7.035134792327881,"positionAccuracy":4.966429233551025,"positionSource":"corelocation","positionTimestamp":1695122224000.0},"pose":[0.0070757754147052765,0.014209291897714138,0.011852789670228958,-0.34150952100753784,-0.2948932647705078,-0.6201410293579102,0.6417426466941833],"pose4x4":[0.05692613124847412,-0.5945241451263428,0.8020592927932739,0.0,0.9973596334457397,-0.0024073123931884766,-0.07257163524627686,0.0,0.045076966285705566,0.8040732741355896,0.5928184390068054,0.0,0.0070757754147052765,0.014209291897714138,0.011852789670228958,1.0],"resolution":[720,540],"sequence":10,"timestamp":1695122227.933,"tracking":2,"trackingReason":0},{"exposure":0.0,"image":"frame_00000011.jpg","intrinsics":[548.0982055664063,548.0982055664063,353.77276611328125,268.41839599609375,0.0],"location":{"altitude":111.91373443603516,"altitudeAccuracy":3.0264031887054443,"heading":88.72833251953125,"headingAccuracy":4.966429233551025,"headingTimestamp":1695122224000.0,"latitude":51.447444915771484,"longitude":7.035134792327881,"positionAccuracy":4.966429233551025,"positionSource":"corelocation","positionTimestamp":1695122224000.0},"pose":[0.00649010855704546,0.015523281879723072,0.012297242879867554,-0.3421271741390228,-0.29092466831207275,-0.6200236678123474,0.643337607383728],"pose4x4":[0.06186699867248535,-0.598702609539032,0.7985794544219971,0.0,0.9968355298042297,-0.002960681915283203,-0.07944619655609131,0.0,0.04992830753326416,0.8009669184684753,0.5966236591339111,0.0,0.00649010855704546,0.015523281879723072,0.012297242879867554,1.0],"resolution":[720,540],"sequence":11,"timestamp":1695122228.016,"tracking":2,"trackingReason":0},{"exposure":0.0,"image":"frame_00000012.jpg","intrinsics":[547.8785400390625,547.8785400390625,353.7550354003906,268.40118408203125,0.0],"location":{"altitude":111.91373443603516,"altitudeAccuracy":3.0264031887054443,"heading":88.72833251953125,"headingAccuracy":4.966429233551025,"headingTimestamp":1695122224000.0,"latitude":51.447444915771484,"longitude":7.035134792327881,"positionAccuracy":4.966429233551025,"positionSource":"corelocation","positionTimestamp":1695122224000.0},"pose":[0.00575067475438118,0.016377944499254227,0.012940742075443268,-0.3428907096385956,-0.28646814823150635,-0.6202602982521057,0.644700288772583],"pose4x4":[0.0664263367652893,-0.6033094525337219,0.7947351932525635,0.0,0.9962185025215149,-0.0045937299728393555,-0.08675384521484375,0.0,0.055990785360336304,0.7974931001663208,0.600723922252655,0.0,0.00575067475438118,0.016377944499254227,0.012940742075443268,1.0],"resolution":[720,540],"sequence":12,"timestamp":1695122228.099,"tracking":2,"trackingReason":0},{"exposure":0.0,"image":"frame_00000013.jpg","intrinsics":[547.8785400390625,547.8785400390625,353.7367248535156,268.4000549316406,0.0],"location":{"altitude":111.91373443603516,"altitudeAccuracy":3.0264031887054443,"heading":88.72833251953125,"headingAccuracy":4.966429233551025,"headingTimestamp":1695122224000.0,"latitude":51.447444915771484,"longitude":7.035134792327881,"positionAccuracy":4.966429233551025,"positionSource":"corelocation","positionTimestamp":1695122224000.0},"pose":[0.004699291195720434,0.01693756878376007,0.013012595474720001,-0.34459739923477173,-0.281462699174881,-0.6203601360321045,0.6458988189697266],"pose4x4":[0.07186412811279297,-0.6073970794677734,0.7911418676376343,0.0,0.995362401008606,-0.007188081741333008,-0.09593361616134644,0.0,0.0639561116695404,0.7943665981292725,0.6040627956390381,0.0,0.004699291195720434,0.01693756878376007,0.013012595474720001,1.0],"resolution":[720,540],"sequence":13,"timestamp":1695122228.183,"tracking":2,"trackingReason":0},{"exposure":0.0,"image":"frame_00000014.jpg","intrinsics":[547.8785400390625,547.8785400390625,353.6817932128906,268.39727783203125,0.0],"location":{"altitude":111.91373443603516,"altitudeAccuracy":3.0264031887054443,"heading":88.72833251953125,"headingAccuracy":4.966429233551025,"headingTimestamp":1695122224000.0,"latitude":51.447444915771484,"longitude":7.035134792327881,"positionAccuracy":4.966429233551025,"positionSource":"corelocation","positionTimestamp":1695122224000.0},"pose":[0.004406703170388937,0.018073193728923798,0.013230819255113602,-0.34532180428504944,-0.27571889758110046,-0.6202911734580994,0.6480516195297241],"pose4x4":[0.07843589782714844,-0.6135379076004028,0.7857602834701538,0.0,0.9943848848342896,-0.008016586303710938,-0.10552072525024414,0.0,0.07103997468948364,0.7896246910095215,0.6094638705253601,0.0,0.004406703170388937,0.018073193728923798,0.013230819255113602,1.0],"resolution":[720,540],"sequence":14,"timestamp":1695122228.266,"tracking":2,"trackingReason":0},{"exposure":0.0,"image":"frame_00000015.jpg","intrinsics":[548.0982055664063,548.0982055664063,353.6812744140625,268.39678955078125,0.0],"location":{"altitude":111.91373443603516,"altitudeAccuracy":3.0264031887054443,"heading":88.72833251953125,"headingAccuracy":4.966429233551025,"headingTimestamp":1695122224000.0,"latitude":51.447444915771484,"longitude":7.035134792327881,"positionAccuracy":4.966429233551025,"positionSource":"corelocation","positionTimestamp":1695122224000.0},"pose":[0.0036431204061955214,0.020784597843885422,0.014089331030845642,-0.3438737690448761,-0.26721838116645813,-0.6216191649436951,0.6511022448539734],"pose4x4":[0.08436787128448486,-0.6256964802742004,0.7754900455474854,0.0,0.9932540059089661,-0.009319067001342773,-0.1155778169631958,0.0,0.0795440673828125,0.7800101041793823,0.6206903457641602,0.0,0.0036431204061955214,0.020784597843885422,0.014089331030845642,1.0],"resolution":[720,540],"sequence":15,"timestamp":1695122228.349,"tracking":2,"trackingReason":0},{"exposure":0.0,"image":"frame_00000016.jpg","intrinsics":[547.6588745117188,547.6588745117188,353.61322021484375,268.3853454589844,0.0],"location":{"altitude":111.91373443603516,"altitudeAccuracy":3.0264031887054443,"heading":88.72833251953125,"headingAccuracy":4.966429233551025,"headingTimestamp":1695122224000.0,"latitude":51.447444915771484,"longitude":7.035134792327881,"positionAccuracy":4.966429233551025,"positionSource":"corelocation","positionTimestamp":1695122224000.0},"pose":[0.002980676246806979,0.022809740155935287,0.014749296009540558,-0.34175652265548706,-0.258891761302948,-0.6231732964515686,0.6540884971618652],"pose4x4":[0.08926022052764893,-0.638265073299408,0.7646232843399048,0.0,0.9921768307685852,-0.010284900665283203,-0.12440916895866394,0.0,0.0872708261013031,0.7697468996047974,0.6323550939559937,0.0,0.002980676246806979,0.022809740155935287,0.014749296009540558,1.0],"resolution":[720,540],"sequence":16,"timestamp":1695122228.433,"tracking":2,"trackingReason":0},{"exposure":0.0,"image":"frame_00000017.jpg","intrinsics":[548.31787109375,548.31787109375,353.55584716796875,268.4210510253906,0.0],"location":{"altitude":111.91373443603516,"altitudeAccuracy":3.0264031887054443,"heading":88.72833251953125,"headingAccuracy":4.966429233551025,"headingTimestamp":1695122224000.0,"latitude":51.447444915771484,"longitude":7.035134792327881,"positionAccuracy":4.966429233551025,"positionSource":"corelocation","positionTimestamp":1695122224000.0},"pose":[0.0018763582920655608,0.025431644171476364,0.015436064451932907,-0.33934876322746277,-0.2510121762752533,-0.6241925358772278,0.6574332118034363],"pose4x4":[0.09475314617156982,-0.6503684520721436,0.7536854147911072,0.0,0.9910911321640015,-0.009547829627990723,-0.1328384280204773,0.0,0.09359043836593628,0.7595581412315369,0.6436706185340881,0.0,0.0018763582920655608,0.025431644171476364,0.015436064451932907,1.0],"resolution":[720,540],"sequence":17,"timestamp":1695122228.516,"tracking":2,"trackingReason":0},{"exposure":0.0,"image":"frame_00000018.jpg","intrinsics":[548.0982055664063,548.0982055664063,353.481201171875,268.379638671875,0.0],"location":{"altitude":111.91373443603516,"altitudeAccuracy":3.0264031887054443,"heading":88.72833251953125,"headingAccuracy":4.966429233551025,"headingTimestamp":1695122224000.0,"latitude":51.447444915771484,"longitude":7.035134792327881,"positionAccuracy":4.966429233551025,"positionSource":"corelocation","positionTimestamp":1695122224000.0},"pose":[0.0011762618087232113,0.02784811705350876,0.016542155295610428,-0.33694419264793396,-0.24331319332122803,-0.6254284977912903,0.6603829264640808],"pose4x4":[0.09927576780319214,-0.6620786786079407,0.7428287267684937,0.0,0.9900105595588684,-0.009384393692016602,-0.14067435264587402,0.0,0.10010924935340881,0.7493743896484375,0.6545345783233643,0.0,0.0011762618087232113,0.02784811705350876,0.016542155295610428,1.0],"resolution":[720,540],"sequence":18,"timestamp":1695122228.599,"tracking":2,"trackingReason":0},{"exposure":0.0,"image":"frame_00000019.jpg","intrinsics":[547.8785400390625,547.8785400390625,353.4176940917969,268.511962890625,0.0],"location":{"altitude":111.91373443603516,"altitudeAccuracy":3.0264031887054443,"heading":88.72833251953125,"headingAccuracy":4.966429233551025,"headingTimestamp":1695122224000.0,"latitude":51.447444915771484,"longitude":7.035134792327881,"positionAccuracy":4.966429233551025,"positionSource":"corelocation","positionTimestamp":1695122224000.0},"pose":[-0.0007146564312279224,0.03127390146255493,0.01797974854707718,-0.3343195915222168,-0.23678892850875854,-0.6269369125366211,0.6626542806625366],"pose4x4":[0.10176223516464233,-0.6725585460662842,0.7330129742622375,0.0,0.9892112016677856,-0.00963902473449707,-0.14617317914962769,0.0,0.10537618398666382,0.7399800419807434,0.6643228530883789,0.0,-0.0007146564312279224,0.03127390146255493,0.01797974854707718,1.0],"resolution":[720,540],"sequence":19,"timestamp":1695122228.682,"tracking":2,"trackingReason":0},{"exposure":0.0,"image":"frame_00000020.jpg","intrinsics":[548.0982055664063,548.0982055664063,353.3154602050781,268.2996520996094,0.0],"location":{"altitude":111.91373443603516,"altitudeAccuracy":3.0264031887054443,"heading":88.72833251953125,"headingAccuracy":4.966429233551025,"headingTimestamp":1695122224000.0,"latitude":51.447444915771484,"longitude":7.035134792327881,"positionAccuracy":4.966429233551025,"positionSource":"corelocation","positionTimestamp":1695122224000.0},"pose":[-0.0013202043483033776,0.0332271046936512,0.019207391887903214,-0.33156850934028625,-0.22951282560825348,-0.6292980313301086,0.6643574833869934],"pose4x4":[0.10261571407318115,-0.6839593052864075,0.7222679853439331,0.0,0.9883561730384827,-0.011907339096069336,-0.151696115732193,0.0,0.11235371232032776,0.729423999786377,0.6747723817825317,0.0,-0.0013202043483033776,0.0332271046936512,0.019207391887903214,1.0],"resolution":[720,540],"sequence":20,"timestamp":1695122228.766,"tracking":2,"trackingReason":0},{"exposure":0.0,"image":"frame_00000021.jpg","intrinsics":[548.0982055664063,548.0982055664063,353.168212890625,268.3453674316406,0.0],"location":{"altitude":111.91373443603516,"altitudeAccuracy":3.0264031887054443,"heading":88.72833251953125,"headingAccuracy":4.966429233551025,"headingTimestamp":1695122224000.0,"latitude":51.447444915771484,"longitude":7.035134792327881,"positionAccuracy":4.966429233551025,"positionSource":"corelocation","positionTimestamp":1695122224000.0},"pose":[-0.0016493168659508228,0.03481923043727875,0.02033805474638939,-0.3283346891403198,-0.22350133955478668,-0.6310047507286072,0.6663908362388611],"pose4x4":[0.10376036167144775,-0.6942250728607178,0.7122399806976318,0.0,0.9877580404281616,-0.011941313743591309,-0.1555376648902893,0.0,0.11648300290107727,0.7196592688560486,0.684486985206604,0.0,-0.0016493168659508228,0.03481923043727875,0.02033805474638939,1.0],"resolution":[720,540],"sequence":21,"timestamp":1695122228.849,"tracking":2,"trackingReason":0},{"exposure":0.0,"image":"frame_00000022.jpg","intrinsics":[548.0982055664063,548.0982055664063,353.0857849121094,268.340576171875,0.0],"location":{"altitude":111.91373443603516,"altitudeAccuracy":3.0264031887054443,"heading":88.72833251953125,"headingAccuracy":4.966429233551025,"headingTimestamp":1695122224000.0,"latitude":51.447444915771484,"longitude":7.035134792327881,"positionAccuracy":4.966429233551025,"positionSource":"corelocation","positionTimestamp":1695122224000.0},"pose":[-0.0015227715484797955,0.03628072887659073,0.02063390612602234,-0.3250349164009094,-0.21839003264904022,-0.6326530575752258,0.6681373119354248],"pose4x4":[0.10411179065704346,-0.7034294605255127,0.7030977010726929,0.0,0.9873670339584351,-0.01179516315460205,-0.15800568461418152,0.0,0.11943963170051575,0.7106661796569824,0.6933162212371826,0.0,-0.0015227715484797955,0.03628072887659073,0.02063390612602234,1.0],"resolution":[720,540],"sequence":22,"timestamp":1695122228.932,"tracking":2,"trackingReason":0},{"exposure":0.0,"image":"frame_00000023.jpg","intrinsics":[547.8785400390625,547.8785400390625,352.96868896484375,268.3350524902344,0.0],"location":{"altitude":111.91373443603516,"altitudeAccuracy":3.0264031887054443,"heading":88.72833251953125,"headingAccuracy":4.966429233551025,"headingTimestamp":1695122224000.0,"latitude":51.447444915771484,"longitude":7.035134792327881,"positionAccuracy":4.966429233551025,"positionSource":"corelocation","positionTimestamp":1695122224000.0},"pose":[-0.0016724092420190573,0.03847698122262955,0.02116362378001213,-0.32084164023399353,-0.21411281824111938,-0.634609043598175,0.6696919202804565],"pose4x4":[0.10285413265228271,-0.7125924825668335,0.6939972639083862,0.0,0.9873777627944946,-0.011335968971252441,-0.1579742431640625,0.0,0.12043875455856323,0.7014859914779663,0.7024326920509338,0.0,-0.0016724092420190573,0.03847698122262955,0.02116362378001213,1.0],"resolution":[720,540],"sequence":23,"timestamp":1695122229.016,"tracking":2,"trackingReason":0},{"exposure":0.0,"image":"frame_00000024.jpg","intrinsics":[547.8785400390625,547.8785400390625,352.83416748046875,268.36627197265625,0.0],"location":{"altitude":111.91373443603516,"altitudeAccuracy":3.0264031887054443,"heading":88.72833251953125,"headingAccuracy":4.966429233551025,"headingTimestamp":1695122224000.0,"latitude":51.447444915771484,"longitude":7.035134792327881,"positionAccuracy":4.966429233551025,"positionSource":"corelocation","positionTimestamp":1695122224000.0},"pose":[-0.0013403655029833317,0.0401640385389328,0.022237829864025116,-0.3160092234611511,-0.20842543244361877,-0.6368656158447266,0.6716392040252686],"pose4x4":[0.10192203521728516,-0.723759114742279,0.6824842095375061,0.0,0.9872165322303772,-0.010919332504272461,-0.1590103805065155,0.0,0.12253743410110474,0.6899663209915161,0.713394045829773,0.0,-0.0013403655029833317,0.0401640385389328,0.022237829864025116,1.0],"resolution":[720,540],"sequence":24,"timestamp":1695122229.099,"tracking":2,"trackingReason":0},{"exposure":0.0,"image":"frame_00000025.jpg","intrinsics":[548.0982055664063,548.0982055664063,352.7304382324219,268.3919982910156,0.0],"location":{"altitude":111.91373443603516,"altitudeAccuracy":3.0264031887054443,"heading":88.72833251953125,"headingAccuracy":4.966429233551025,"headingTimestamp":1695122224000.0,"latitude":51.447444915771484,"longitude":7.035134792327881,"positionAccuracy":4.966429233551025,"positionSource":"corelocation","positionTimestamp":1695122224000.0},"pose":[-0.0011277366429567337,0.0410635843873024,0.022964436560869217,-0.31120964884757996,-0.20188207924365997,-0.6393306851387024,0.673534095287323],"pose4x4":[0.10099977254867554,-0.7355667352676392,0.6698806881904602,0.0,0.9868773221969604,-0.011190414428710938,-0.16108182072639465,0.0,0.12598282098770142,0.6773594617843628,0.7247843742370605,0.0,-0.0011277366429567337,0.0410635843873024,0.022964436560869217,1.0],"resolution":[720,540],"sequence":25,"timestamp":1695122229.182,"tracking":2,"trackingReason":0},{"exposure":0.0,"image":"frame_00000026.jpg","intrinsics":[548.0982055664063,548.0982055664063,352.5616149902344,268.4386291503906,0.0],"location":{"altitude":111.91373443603516,"altitudeAccuracy":3.0264031887054443,"heading":88.72833251953125,"headingAccuracy":4.966429233551025,"headingTimestamp":1695122224000.0,"latitude":51.447444915771484,"longitude":7.035134792327881,"positionAccuracy":4.966429233551025,"positionSource":"corelocation","positionTimestamp":1695122224000.0},"pose":[-0.001238224795088172,0.04211821407079697,0.023695208132267,-0.306275337934494,-0.1947188526391983,-0.6417708992958069,0.6755813956260681],"pose4x4":[0.10042935609817505,-0.7478618025779724,0.6562140583992004,0.0,0.9864121079444885,-0.011348962783813477,-0.1638980507850647,0.0,0.13002032041549683,0.6637576222419739,0.7365599870681763,0.0,-0.001238224795088172,0.04211821407079697,0.023695208132267,1.0],"resolution":[720,540],"sequence":26,"timestamp":1695122229.266,"tracking":2,"trackingReason":0},{"exposure":0.0,"image":"frame_00000027.jpg","intrinsics":[548.0982055664063,548.0982055664063,352.4742431640625,268.41650390625,0.0],"location":{"altitude":111.91373443603516,"altitudeAccuracy":3.0264031887054443,"heading":88.72833251953125,"headingAccuracy":4.966429233551025,"headingTimestamp":1695122224000.0,"latitude":51.447444915771484,"longitude":7.035134792327881,"positionAccuracy":4.966429233551025,"positionSource":"corelocation","positionTimestamp":1695122224000.0},"pose":[-0.001581263029947877,0.04377094656229019,0.02455521747469902,-0.30066588521003723,-0.18790630996227264,-0.6440445780754089,0.6778627038002014],"pose4x4":[0.09979557991027832,-0.760153591632843,0.6420338153839111,0.0,0.9861416220664978,-0.010386824607849121,-0.16558028757572174,0.0,0.13253509998321533,0.6496604681015015,0.7485824823379517,0.0,-0.001581263029947877,0.04377094656229019,0.02455521747469902,1.0],"resolution":[720,540],"sequence":27,"timestamp":1695122229.349,"tracking":2,"trackingReason":0},{"exposure":0.0,"image":"frame_00000028.jpg","intrinsics":[548.0982055664063,548.0982055664063,352.3403015136719,268.4343566894531,0.0],"location":{"altitude":111.91373443603516,"altitudeAccuracy":3.0264031887054443,"heading":88.72833251953125,"headingAccuracy":4.966429233551025,"headingTimestamp":1695122224000.0,"latitude":51.447444915771484,"longitude":7.035134792327881,"positionAccuracy":4.966429233551025,"positionSource":"corelocation","positionTimestamp":1695122224000.0},"pose":[-0.0017763604409992695,0.04568230360746384,0.025391701608896255,-0.29488450288772583,-0.1806231141090393,-0.6462646126747131,0.6802642941474915],"pose4x4":[0.09943467378616333,-0.772735595703125,0.6268897652626038,0.0,0.9857873916625977,-0.009229660034179688,-0.1677381545305252,0.0,0.13540393114089966,0.634659469127655,0.7608368396759033,0.0,-0.0017763604409992695,0.04568230360746384,0.025391701608896255,1.0],"resolution":[720,540],"sequence":28,"timestamp":1695122229.432,"tracking":2,"trackingReason":0},{"exposure":0.0,"image":"frame_00000029.jpg","intrinsics":[548.31787109375,548.31787109375,352.21832275390625,268.4169921875,0.0],"location":{"altitude":111.91373443603516,"altitudeAccuracy":3.0264031887054443,"heading":88.72833251953125,"headingAccuracy":4.966429233551025,"headingTimestamp":1695122224000.0,"latitude":51.447444915771484,"longitude":7.035134792327881,"positionAccuracy":4.966429233551025,"positionSource":"corelocation","positionTimestamp":1695122224000.0},"pose":[-0.0020934571512043476,0.046681083738803864,0.025648687034845352,-0.28822144865989685,-0.1737368404865265,-0.6484821438789368,0.6827989220619202],"pose4x4":[0.09857285022735596,-0.7854164242744446,0.611067533493042,0.0,0.9857152104377747,-0.007201433181762695,-0.16826412081718445,0.0,0.13655826449394226,0.6189250946044922,0.7734878063201904,0.0,-0.0020934571512043476,0.046681083738803864,0.025648687034845352,1.0],"resolution":[720,540],"sequence":29,"timestamp":1695122229.516,"tracking":2,"trackingReason":0},{"exposure":0.0,"image":"frame_00000030.jpg","intrinsics":[548.31787109375,548.31787109375,352.09381103515625,268.40545654296875,0.0],"location":{"altitude":111.91373443603516,"altitudeAccuracy":3.0264031887054443,"heading":88.72833251953125,"headingAccuracy":4.966429233551025,"headingTimestamp":1695122224000.0,"latitude":51.447444915771484,"longitude":7.035134792327881,"positionAccuracy":4.966429233551025,"positionSource":"corelocation","positionTimestamp":1695122224000.0},"pose":[-0.0017173538217321038,0.04714680090546608,0.025319773703813553,-0.28170427680015564,-0.16676095128059387,-0.6506186723709106,0.6852213144302368],"pose4x4":[0.09777230024337769,-0.7976809740066528,0.595100462436676,0.0,0.9855901002883911,-0.005323886871337891,-0.1690639704465866,0.0,0.13802780210971832,0.6030551195144653,0.7856669425964355,0.0,-0.0017173538217321038,0.04714680090546608,0.025319773703813553,1.0],"resolution":[720,540],"sequence":30,"timestamp":1695122229.599,"tracking":2,"trackingReason":0},{"exposure":0.0,"image":"frame_00000031.jpg","intrinsics":[548.31787109375,548.31787109375,351.9618225097656,268.40386962890625,0.0],"location":{"altitude":111.91373443603516,"altitudeAccuracy":3.0264031887054443,"heading":88.72833251953125,"headingAccuracy":4.966429233551025,"headingTimestamp":1695122224000.0,"latitude":51.447444915771484,"longitude":7.035134792327881,"positionAccuracy":4.966429233551025,"positionSource":"corelocation","positionTimestamp":1695122224000.0},"pose":[-0.0016307889018207788,0.05046631395816803,0.026187770068645477,-0.27397167682647705,-0.15990835428237915,-0.6531875729560852,0.6875426173210144],"pose4x4":[0.09555059671401978,-0.8105678558349609,0.5777974128723145,0.0,0.985809326171875,-0.003428936004638672,-0.1678341031074524,0.0,0.13802218437194824,0.585634708404541,0.798737645149231,0.0,-0.0016307889018207788,0.05046631395816803,0.026187770068645477,1.0],"resolution":[720,540],"sequence":31,"timestamp":1695122229.682,"tracking":2,"trackingReason":0},{"exposure":0.0,"image":"frame_00000032.jpg","intrinsics":[548.5375366210938,548.5375366210938,351.79193115234375,268.36529541015625,0.0],"location":{"altitude":111.91373443603516,"altitudeAccuracy":3.0264031887054443,"heading":88.72833251953125,"headingAccuracy":4.966429233551025,"headingTimestamp":1695122224000.0,"latitude":51.447444915771484,"longitude":7.035134792327881,"positionAccuracy":4.966429233551025,"positionSource":"corelocation","positionTimestamp":1695122224000.0},"pose":[-0.0013061277568340302,0.052740827202796936,0.02698911726474762,-0.2647106349468231,-0.15225890278816223,-0.6558472514152527,0.6903693079948425],"pose4x4":[0.09336322546005249,-0.8249445557594299,0.557449221611023,0.0,0.9861627221107483,-0.0004146099090576172,-0.1657790243625641,0.0,0.1369897574186325,0.5652133226394653,0.8134909868240356,0.0,-0.0013061277568340302,0.052740827202796936,0.02698911726474762,1.0],"resolution":[720,540],"sequence":32,"timestamp":1695122229.782,"tracking":2,"trackingReason":0},{"exposure":0.0,"image":"frame_00000033.jpg","intrinsics":[548.31787109375,548.31787109375,351.6832275390625,268.3438720703125,0.0],"location":{"altitude":111.91373443603516,"altitudeAccuracy":3.0264031887054443,"heading":88.72833251953125,"headingAccuracy":4.966429233551025,"headingTimestamp":1695122224000.0,"latitude":51.447444915771484,"longitude":7.035134792327881,"positionAccuracy":4.966429233551025,"positionSource":"corelocation","positionTimestamp":1695122224000.0},"pose":[-0.0011831591837108135,0.05459374189376831,0.027917541563510895,-0.2575756311416626,-0.1453612893819809,-0.6577525734901428,0.6927378177642822],"pose4x4":[0.09246331453323364,-0.8364171385765076,0.5402365922927856,0.0,0.986183226108551,0.0020326972007751465,-0.16564123332500458,0.0,0.1374475359916687,0.5480882525444031,0.8250497579574585,0.0,-0.0011831591837108135,0.05459374189376831,0.027917541563510895,1.0],"resolution":[720,540],"sequence":33,"timestamp":1695122229.865,"tracking":2,"trackingReason":0},{"exposure":0.0,"image":"frame_00000034.jpg","intrinsics":[548.31787109375,548.31787109375,351.5133056640625,268.3134765625,0.0],"location":{"altitude":111.91373443603516,"altitudeAccuracy":3.0264031887054443,"heading":88.72833251953125,"headingAccuracy":4.966429233551025,"headingTimestamp":1695122224000.0,"latitude":51.447444915771484,"longitude":7.035134792327881,"positionAccuracy":4.966429233551025,"positionSource":"corelocation","positionTimestamp":1695122224000.0},"pose":[-0.0014661276945844293,0.05621602013707161,0.028942212462425232,-0.2504957616329193,-0.13888177275657654,-0.6598477959632874,0.6946687698364258],"pose4x4":[0.09062546491622925,-0.847172737121582,0.5235317945480347,0.0,0.9863299131393433,0.0037055015563964844,-0.16474151611328125,0.0,0.13762448728084564,0.5313048362731934,0.8359274864196777,0.0,-0.0014661276945844293,0.05621602013707161,0.028942212462425232,1.0],"resolution":[720,540],"sequence":34,"timestamp":1695122229.949,"tracking":2,"trackingReason":0},{"exposure":0.0,"image":"frame_00000035.jpg","intrinsics":[548.31787109375,548.31787109375,351.390869140625,268.3333740234375,0.0],"location":{"altitude":111.91373443603516,"altitudeAccuracy":3.0264031887054443,"heading":88.72833251953125,"headingAccuracy":4.966429233551025,"headingTimestamp":1695122224000.0,"latitude":51.447444915771484,"longitude":7.035134792327881,"positionAccuracy":4.966429233551025,"positionSource":"corelocation","positionTimestamp":1695122224000.0},"pose":[-0.0015167542733252048,0.05997702479362488,0.03038151189684868,-0.24280565977096558,-0.13203036785125732,-0.6624754667282104,0.6962324976921082],"pose4x4":[0.08738851547241211,-0.8583584427833557,0.5055532455444336,0.0,0.9865893721580505,0.0043433308601379395,-0.16316461563110352,0.0,0.13785791397094727,0.5130321383476257,0.8472267985343933,0.0,-0.0015167542733252048,0.05997702479362488,0.03038151189684868,1.0],"resolution":[720,540],"sequence":35,"timestamp":1695122230.032,"tracking":2,"trackingReason":0},{"exposure":0.0,"image":"frame_00000036.jpg","intrinsics":[548.31787109375,548.31787109375,351.2879943847656,268.32196044921875,0.0],"location":{"altitude":111.91373443603516,"altitudeAccuracy":3.0264031887054443,"heading":88.72833251953125,"headingAccuracy":4.966429233551025,"headingTimestamp":1695122224000.0,"latitude":51.447444915771484,"longitude":7.035134792327881,"positionAccuracy":4.966429233551025,"positionSource":"corelocation","positionTimestamp":1695122224000.0},"pose":[-0.0007753819227218628,0.06266935169696808,0.031081058084964752,-0.23430563509464264,-0.12580835819244385,-0.66506028175354,0.6978309154510498],"pose4x4":[0.08373415470123291,-0.8692440390586853,0.48724067211151123,0.0,0.9871544241905212,0.005591392517089844,-0.15967115759849548,0.0,0.13606882095336914,0.49435171484947205,0.858546257019043,0.0,-0.0007753819227218628,0.06266935169696808,0.031081058084964752,1.0],"resolution":[720,540],"sequence":36,"timestamp":1695122230.115,"tracking":2,"trackingReason":0},{"exposure":0.0,"image":"frame_00000037.jpg","intrinsics":[548.0982055664063,548.0982055664063,351.15277099609375,268.29193115234375,0.0],"location":{"altitude":111.91373443603516,"altitudeAccuracy":3.0264031887054443,"heading":88.72833251953125,"headingAccuracy":4.966429233551025,"headingTimestamp":1695122224000.0,"latitude":51.447444915771484,"longitude":7.035134792327881,"positionAccuracy":4.966429233551025,"positionSource":"corelocation","positionTimestamp":1695122224000.0},"pose":[-0.00027999887242913246,0.06633201241493225,0.03245371952652931,-0.2258843332529068,-0.11927246302366257,-0.6670411825180054,0.6998616456985474],"pose4x4":[0.08166027069091797,-0.8797895312309265,0.46829673647880554,0.0,0.9875566363334656,0.008064687252044678,-0.15705625712871552,0.0,0.13439986109733582,0.475294828414917,0.8695006966590881,0.0,-0.00027999887242913246,0.06633201241493225,0.03245371952652931,1.0],"resolution":[720,540],"sequence":37,"timestamp":1695122230.199,"tracking":2,"trackingReason":0},{"exposure":0.0,"image":"frame_00000038.jpg","intrinsics":[548.5375366210938,548.5375366210938,350.9878234863281,268.2512512207031,0.0],"location":{"altitude":111.91373443603516,"altitudeAccuracy":3.0264031887054443,"heading":88.72833251953125,"headingAccuracy":4.966429233551025,"headingTimestamp":1695122224000.0,"latitude":51.447444915771484,"longitude":7.035134792327881,"positionAccuracy":4.966429233551025,"positionSource":"corelocation","positionTimestamp":1695122224000.0},"pose":[0.00032765697687864304,0.06870360672473907,0.0335453599691391,-0.21727831661701202,-0.11299677193164825,-0.6692174077033997,0.7015480995178223],"pose4x4":[0.07875961065292358,-0.8898729085922241,0.449358195066452,0.0,0.9880799055099487,0.009876430034637451,-0.153623566031456,0.0,0.13226750493049622,0.4561011791229248,0.8800437450408936,0.0,0.00032765697687864304,0.06870360672473907,0.0335453599691391,1.0],"resolution":[720,540],"sequence":38,"timestamp":1695122230.282,"tracking":2,"trackingReason":0},{"exposure":0.0,"image":"frame_00000039.jpg","intrinsics":[548.5375366210938,548.5375366210938,350.8705749511719,268.2957458496094,0.0],"location":{"altitude":111.91373443603516,"altitudeAccuracy":3.0264031887054443,"heading":88.72833251953125,"headingAccuracy":4.966429233551025,"headingTimestamp":1695122224000.0,"latitude":51.447444915771484,"longitude":7.035134792327881,"positionAccuracy":4.966429233551025,"positionSource":"corelocation","positionTimestamp":1695122224000.0},"pose":[0.0013513239100575447,0.06993973255157471,0.03433685004711151,-0.2095959335565567,-0.10764037817716599,-0.67148357629776,0.7025616765022278],"pose4x4":[0.07504671812057495,-0.898395299911499,0.43272846937179565,0.0,0.988639235496521,0.010358691215515137,-0.14995063841342926,0.0,0.13023245334625244,0