{"app":"com.nianticlabs.ar.ardksamples","autofocus":1,"captureGroup":{"sequence":0,"uuid":"018c91f7-2a91-702f-80ed-0a270000ffff"},"coordinates":"opengl","depthSource":"none","duration":18.094,"formatVersion":"1","frameCount":272,"framerate":14.977340554880069,"frames":[{"exposure":0.0,"image":"frame_00000000.jpg","intrinsics":[547.2196044921875,547.2196044921875,349.7768249511719,268.5737609863281,0.0],"location":{"altitude":112.33601379394531,"altitudeAccuracy":2.9309959411621094,"heading":104.3853759765625,"headingAccuracy":5.023325443267822,"headingTimestamp":1703255940.0,"latitude":51.44758987426758,"longitude":7.0348944664001465,"positionAccuracy":5.023325443267822,"positionSource":"corelocation","positionTimestamp":1703255940.0},"pose":[-0.28689825534820557,-0.12237927317619324,-0.06496506184339523,-0.08669675141572952,-0.15931940078735352,-0.6980262994766235,0.6927193999290466],"pose4x4":[-0.025246739387512207,-0.9394477605819702,0.341760516166687,0.0,0.9946976900100708,0.010485947132110596,0.10230521857738495,0.0,-0.09969405829906464,0.34253132343292236,0.9342020153999329,0.0,-0.28689825534820557,-0.12237927317619324,-0.06496506184339523,1.0],"resolution":[720,540],"sequence":0,"timestamp":1703255943.0,"tracking":2,"trackingReason":0},{"exposure":0.0,"image":"frame_00000001.jpg","intrinsics":[547.2196044921875,547.2196044921875,349.8557434082031,268.6590576171875,0.0],"location":{"altitude":112.33601379394531,"altitudeAccuracy":2.9309959411621094,"heading":104.3853759765625,"headingAccuracy":5.023325443267822,"headingTimestamp":1703255940.0,"latitude":51.44758987426758,"longitude":7.0348944664001465,"positionAccuracy":5.023325443267822,"positionSource":"corelocation","positionTimestamp":1703255940.0},"pose":[-0.29419320821762085,-0.11955131590366364,-0.06373393535614014,-0.0877867341041565,-0.15878039598464966,-0.6993395090103149,0.6913800239562988],"pose4x4":[-0.028573989868164063,-0.9391410946846008,0.3423406481742859,0.0,0.9948963522911072,0.00643545389175415,0.10069482028484344,0.0,-0.09676972031593323,0.34347081184387207,0.9341645240783691,0.0,-0.29419320821762085,-0.11955131590366364,-0.06373393535614014,1.0],"resolution":[720,540],"sequence":1,"timestamp":1703255943.1,"tracking":2,"trackingReason":0},{"exposure":0.0,"image":"frame_00000002.jpg","intrinsics":[547.2196044921875,547.2196044921875,349.83203125,268.61090087890625,0.0],"location":{"altitude":112.33601379394531,"altitudeAccuracy":2.9309959411621094,"heading":104.3853759765625,"headingAccuracy":5.023325443267822,"headingTimestamp":1703255940.0,"latitude":51.44758987426758,"longitude":7.0348944664001465,"positionAccuracy":5.023325443267822,"positionSource":"corelocation","positionTimestamp":1703255940.0},"pose":[-0.2987425923347473,-0.11860238015651703,-0.06256677210330963,-0.08976919949054718,-0.1593068689107895,-0.6997764706611633,0.6905617117881775],"pose4x4":[-0.03013157844543457,-0.9378759860992432,0.34565919637680054,0.0,0.9950793981552124,0.0045087337493896484,0.09897605329751968,0.0,-0.09438571333885193,0.3469407558441162,0.9331256151199341,0.0,-0.2987425923347473,-0.11860238015651703,-0.06256677210330963,1.0],"resolution":[720,540],"sequence":2,"timestamp":1703255943.166,"tracking":2,"trackingReason":0},{"exposure":0.0,"image":"frame_00000003.jpg","intrinsics":[547.2196044921875,547.2196044921875,349.8380126953125,268.9546203613281,0.0],"location":{"altitude":112.33601379394531,"altitudeAccuracy":2.9309959411621094,"heading":104.3853759765625,"headingAccuracy":5.023325443267822,"headingTimestamp":1703255940.0,"latitude":51.44758987426758,"longitude":7.0348944664001465,"positionAccuracy":5.023325443267822,"positionSource":"corelocation","positionTimestamp":1703255940.0},"pose":[-0.3003498911857605,-0.11872081458568573,-0.060886599123477936,-0.09220822155475616,-0.16131485998630524,-0.699381947517395,0.6901741623878479],"pose4x4":[-0.030315160751342773,-0.9356415867805481,0.3516482412815094,0.0,0.9951397776603699,0.004725039005279541,0.09836193919181824,0.0,-0.09369316697120667,0.35292086005210876,0.9309503436088562,0.0,-0.3003498911857605,-0.11872081458568573,-0.060886599123477936,1.0],"resolution":[720,540],"sequence":3,"timestamp":1703255943.233,"tracking":2,"trackingReason":0},{"exposure":0.0,"image":"frame_00000004.jpg","intrinsics":[546.5607299804688,546.5607299804688,349.9034729003906,268.5039367675781,0.0],"location":{"altitude":112.33601379394531,"altitudeAccuracy":2.9309959411621094,"heading":104.3853759765625,"headingAccuracy":5.023325443267822,"headingTimestamp":1703255940.0,"latitude":51.44758987426758,"longitude":7.0348944664001465,"positionAccuracy":5.023325443267822,"positionSource":"corelocation","positionTimestamp":1703255940.0},"pose":[-0.3012247383594513,-0.11894969642162323,-0.06094542145729065,-0.09381094574928284,-0.16311247646808624,-0.6990401148796082,0.6898816823959351],"pose4x4":[-0.030525565147399902,-0.9339064955711365,0.3562118411064148,0.0,0.9951134324073792,0.005084812641143799,0.09860742092132568,0.0,-0.09390139579772949,0.3574812412261963,0.9291876554489136,0.0,-0.3012247383594513,-0.11894969642162323,-0.06094542145729065,1.0],"resolution":[720,540],"sequence":4,"timestamp":1703255943.3,"tracking":2,"trackingReason":0},{"exposure":0.0,"image":"frame_00000005.jpg","intrinsics":[547.6588745117188,547.6588745117188,349.8749694824219,268.45806884765625,0.0],"location":{"altitude":112.33601379394531,"altitudeAccuracy":2.9309959411621094,"heading":104.3853759765625,"headingAccuracy":5.023325443267822,"headingTimestamp":1703255940.0,"latitude":51.44758987426758,"longitude":7.0348944664001465,"positionAccuracy":5.023325443267822,"positionSource":"corelocation","positionTimestamp":1703255940.0},"pose":[-0.30097904801368713,-0.1188737154006958,-0.059737592935562134,-0.09551183134317398,-0.1607622355222702,-0.6993438601493835,0.689892590045929],"pose4x4":[-0.029852628707885742,-0.9342349171638489,0.35540854930877686,0.0,0.9956536889076233,0.003591299057006836,0.09307035803794861,0.0,-0.08822612464427948,0.3566419780254364,0.9300659894943237,0.0,-0.30097904801368713,-0.1188737154006958,-0.059737592935562134,1.0],"resolution":[720,540],"sequence":5,"timestamp":1703255943.366,"tracking":2,"trackingReason":0},{"exposure":0.0,"image":"frame_00000006.jpg","intrinsics":[547.2196044921875,547.2196044921875,349.8504638671875,268.5694580078125,0.0],"location":{"altitude":112.33601379394531,"altitudeAccuracy":2.9309959411621094,"heading":104.3853759765625,"headingAccuracy":5.023325443267822,"headingTimestamp":1703255940.0,"latitude":51.44758987426758,"longitude":7.0348944664001465,"positionAccuracy":5.023325443267822,"positionSource":"corelocation","positionTimestamp":1703255940.0},"pose":[-0.3008158504962921,-0.11826750636100769,-0.059204619377851486,-0.09635952115058899,-0.1576661616563797,-0.7001314163208008,0.6896898150444031],"pose4x4":[-0.030085206031799316,-0.9353617429733276,0.35241013765335083,0.0,0.9961322546005249,0.0010616779327392578,0.08785770833492279,0.0,-0.08255283534526825,0.3536904454231262,0.9317124485969543,0.0,-0.3008158504962921,-0.11826750636100769,-0.059204619377851486,1.0],"resolution":[720,540],"sequence":6,"timestamp":1703255943.433,"tracking":2,"trackingReason":0},{"exposure":0.0,"image":"frame_00000007.jpg","intrinsics":[547.2196044921875,547.2196044921875,349.9184265136719,268.55377197265625,0.0],"location":{"altitude":112.33601379394531,"altitudeAccuracy":2.9309959411621094,"heading":104.3853759765625,"headingAccuracy":5.023325443267822,"headingTimestamp":1703255940.0,"latitude":51.44758987426758,"longitude":7.0348944664001465,"positionAccuracy":5.023325443267822,"positionSource":"corelocation","positionTimestamp":1703255940.0},"pose":[-0.2995260953903198,-0.1176813542842865,-0.05900299921631813,-0.09618280827999115,-0.15731684863567352,-0.7014431357383728,0.6884601712226868],"pose4x4":[-0.03354215621948242,-0.9355689883232117,0.3515463173389435,0.0,0.9960936903953552,-0.0025472640991210938,0.08826157450675964,0.0,-0.08167922496795654,0.3531337082386017,0.9320005178451538,0.0,-0.2995260953903198,-0.1176813542842865,-0.05900299921631813,1.0],"resolution":[720,540],"sequence":7,"timestamp":1703255943.5,"tracking":2,"trackingReason":0},{"exposure":0.0,"image":"frame_00000008.jpg","intrinsics":[547.2196044921875,547.2196044921875,349.8927001953125,268.49237060546875,0.0],"location":{"altitude":112.33601379394531,"altitudeAccuracy":2.9309959411621094,"heading":104.3853759765625,"headingAccuracy":5.023325443267822,"headingTimestamp":1703255940.0,"latitude":51.44758987426758,"longitude":7.0348944664001465,"positionAccuracy":5.023325443267822,"positionSource":"corelocation","positionTimestamp":1703255940.0},"pose":[-0.29803580045700073,-0.11712232232093811,-0.058903999626636505,-0.0958261638879776,-0.1570158153772354,-0.701754093170166,0.6882619857788086],"pose4x4":[-0.03422558307647705,-0.9358888864517212,0.3506288528442383,0.0,0.9960737228393555,-0.003282904624938965,0.08846595883369446,0.0,-0.0816432386636734,0.35227999091148376,0.9323267936706543,0.0,-0.29803580045700073,-0.11712232232093811,-0.058903999626636505,1.0],"resolution":[720,540],"sequence":8,"timestamp":1703255943.566,"tracking":2,"trackingReason":0},{"exposure":0.0,"image":"frame_00000009.jpg","intrinsics":[547.4392700195313,547.4392700195313,349.86590576171875,268.39837646484375,0.0],"location":{"altitude":112.33601379394531,"altitudeAccuracy":2.9309959411621094,"heading":104.3853759765625,"headingAccuracy":5.023325443267822,"headingTimestamp":1703255940.0,"latitude":51.44758987426758,"longitude":7.0348944664001465,"positionAccuracy":5.023325443267822,"positionSource":"corelocation","positionTimestamp":1703255940.0},"pose":[-0.2969505190849304,-0.11631567776203156,-0.058233946561813354,-0.09558665752410889,-0.15634405612945557,-0.7017204761505127,0.6884828209877014],"pose4x4":[-0.03371012210845947,-0.9363561868667603,0.3494306206703186,0.0,0.9961338043212891,-0.0030968189239501953,0.08780011534690857,0.0,-0.08113016188144684,0.35103920102119446,0.9328394532203674,0.0,-0.2969505190849304,-0.11631567776203156,-0.058233946561813354,1.0],"resolution":[720,540],"sequence":9,"timestamp":1703255943.633,"tracking":2,"trackingReason":0},{"exposure":0.0,"image":"frame_00000010.jpg","intrinsics":[547.2196044921875,547.2196044921875,349.9277038574219,268.428955078125,0.0],"location":{"altitude":112.33601379394531,"altitudeAccuracy":2.9309959411621094,"heading":104.3853759765625,"headingAccuracy":5.023325443267822,"headingTimestamp":1703255940.0,"latitude":51.44758987426758,"longitude":7.0348944664001465,"positionAccuracy":5.023325443267822,"positionSource":"corelocation","positionTimestamp":1703255940.0},"pose":[-0.29522716999053955,-0.11510972678661346,-0.057744625955820084,-0.09505734592676163,-0.15558172762393951,-0.7026655077934265,0.6877647042274475],"pose4x4":[-0.03588902950286865,-0.9369586706161499,0.3475942611694336,0.0,0.9961154460906982,-0.005549430847167969,0.0878896564245224,0.0,-0.08042021095752716,0.34939801692962646,0.9335168600082397,0.0,-0.29522716999053955,-0.11510972678661346,-0.057744625955820084,1.0],"resolution":[720,540],"sequence":10,"timestamp":1703255943.699,"tracking":2,"trackingReason":0},{"exposure":0.0,"image":"frame_00000011.jpg","intrinsics":[547.4392700195313,547.4392700195313,349.9656677246094,268.4280700683594,0.0],"location":{"altitude":112.33601379394531,"altitudeAccuracy":2.9309959411621094,"heading":104.3853759765625,"headingAccuracy":5.023325443267822,"headingTimestamp":1703255940.0,"latitude":51.44758987426758,"longitude":7.0348944664001465,"positionAccuracy":5.023325443267822,"positionSource":"corelocation","positionTimestamp":1703255940.0},"pose":[-0.29418107867240906,-0.11387817561626434,-0.05768566206097603,-0.09435760974884033,-0.15495316684246063,-0.7030166983604431,0.6876436471939087],"pose4x4":[-0.036485910415649414,-0.9376078844070435,0.3457750678062439,0.0,0.9960919618606567,-0.006271719932556152,0.08810050785541534,0.0,-0.08043517172336578,0.3476381301879883,0.9341723322868347,0.0,-0.29418107867240906,-0.11387817561626434,-0.05768566206097603,1.0],"resolution":[720,540],"sequence":11,"timestamp":1703255943.766,"tracking":2,"trackingReason":0},{"exposure":0.0,"image":"frame_00000012.jpg","intrinsics":[547.4392700195313,547.4392700195313,349.90118408203125,268.46661376953125,0.0],"location":{"altitude":112.33601379394531,"altitudeAccuracy":2.9309959411621094,"heading":104.3853759765625,"headingAccuracy":5.023325443267822,"headingTimestamp":1703255940.0,"latitude":51.44758987426758,"longitude":7.0348944664001465,"positionAccuracy":5.023325443267822,"positionSource":"corelocation","positionTimestamp":1703255940.0},"pose":[-0.29408273100852966,-0.11354660987854004,-0.05825389176607132,-0.09519298374652863,-0.15448227524757385,-0.7027110457420349,0.6879469752311707],"pose4x4":[-0.03533518314361572,-0.9374446272850037,0.34633755683898926,0.0,0.9962671399116516,-0.005729079246520996,0.08613735437393188,0.0,-0.0787649005651474,0.34808826446533203,0.93414705991745,0.0,-0.29408273100852966,-0.11354660987854004,-0.05825389176607132,1.0],"resolution":[720,540],"sequence":12,"timestamp":1703255943.833,"tracking":2,"trackingReason":0},{"exposure":0.0,"image":"frame_00000013.jpg","intrinsics":[547.4392700195313,547.4392700195313,349.8890075683594,268.546630859375,0.0],"location":{"altitude":112.33601379394531,"altitudeAccuracy":2.9309959411621094,"heading":104.3853759765625,"headingAccuracy":5.023325443267822,"headingTimestamp":1703255940.0,"latitude":51.44758987426758,"longitude":7.0348944664001465,"positionAccuracy":5.023325443267822,"positionSource":"corelocation","positionTimestamp":1703255940.0},"pose":[-0.29301080107688904,-0.11322756111621857,-0.05866085737943649,-0.09628042578697205,-0.1539265513420105,-0.7024673223495483,0.6881692409515381],"pose4x4":[-0.03430747985839844,-0.9371925592422485,0.3471227288246155,0.0,0.9964730739593506,-0.005460500717163086,0.08374227583408356,0.0,-0.07658733427524567,0.34877121448516846,0.9340733885765076,0.0,-0.29301080107688904,-0.11322756111621857,-0.05866085737943649,1.0],"resolution":[720,540],"sequence":13,"timestamp":1703255943.899,"tracking":2,"trackingReason":0},{"exposure":0.0,"image":"frame_00000014.jpg","intrinsics":[547.2196044921875,547.2196044921875,349.900146484375,268.5716247558594,0.0],"location":{"altitude":112.33601379394531,"altitudeAccuracy":2.9309959411621094,"heading":104.3853759765625,"headingAccuracy":5.023325443267822,"headingTimestamp":1703255940.0,"latitude":51.44758987426758,"longitude":7.0348944664001465,"positionAccuracy":5.023325443267822,"positionSource":"corelocation","positionTimestamp":1703255940.0},"pose":[-0.291755735874176,-0.11308442056179047,-0.05962584167718887,-0.09700657427310944,-0.1544313281774521,-0.702475368976593,0.6879454255104065],"pose4x4":[-0.034641385078430176,-0.9365677237510681,0.3487701117992401,0.0,0.9964911341667175,-0.005763888359069824,0.08349794149398804,0.0,-0.07619118690490723,0.3504388630390167,0.9334813952445984,0.0,-0.291755735874176,-0.11308442056179047,-0.05962584167718887,1.0],"resolution":[720,540],"sequence":14,"timestamp":1703255943.983,"tracking":2,"trackingReason":0},{"exposure":0.0,"image":"frame_00000015.jpg","intrinsics":[547.2196044921875,547.2196044921875,349.9000549316406,268.5430603027344,0.0],"location":{"altitude":112.33601379394531,"altitudeAccuracy":2.9309959411621094,"heading":104.3853759765625,"headingAccuracy":5.023325443267822,"headingTimestamp":1703255940.0,"latitude":51.44758987426758,"longitude":7.0348944664001465,"positionAccuracy":5.023325443267822,"positionSource":"corelocation","positionTimestamp":1703255940.0},"pose":[-0.29287534952163696,-0.11404995620250702,-0.06035163626074791,-0.09728094190359116,-0.15515005588531494,-0.7021827697753906,0.6880436539649963],"pose4x4":[-0.034264326095581055,-0.9360784888267517,0.3501180410385132,0.0,0.9964510798454285,-0.005048513412475586,0.08402031660079956,0.0,-0.0768820196390152,0.35175445675849915,0.9329297542572021,0.0,-0.29287534952163696,-0.11404995620250702,-0.06035163626074791,1.0],"resolution":[720,540],"sequence":15,"timestamp":1703255944.033,"tracking":2,"trackingReason":0},{"exposure":0.0,"image":"frame_00000016.jpg","intrinsics":[547.0,547.0,349.9117431640625,268.5951843261719,0.0],"location":{"altitude":112.33601379394531,"altitudeAccuracy":2.9309959411621094,"heading":104.3853759765625,"headingAccuracy":5.023325443267822,"headingTimestamp":1703255940.0,"latitude":51.44758987426758,"longitude":7.0348944664001465,"positionAccuracy":5.023325443267822,"positionSource":"corelocation","positionTimestamp":1703255940.0},"pose":[-0.29225224256515503,-0.11410365998744965,-0.06079372763633728,-0.09793800860643387,-0.1557891070842743,-0.7025519609451294,0.6874287724494934],"pose4x4":[-0.03569900989532471,-0.9353935122489929,0.35180091857910156,0.0,0.9964242577552795,-0.006342291831970215,0.08424907922744751,0.0,-0.07657475769519806,0.3535507023334503,0.9322757720947266,0.0,-0.29225224256515503,-0.11410365998744965,-0.06079372763633728,1.0],"resolution":[720,540],"sequence":16,"timestamp":1703255944.099,"tracking":2,"trackingReason":0},{"exposure":0.0,"image":"frame_00000017.jpg","intrinsics":[547.2196044921875,547.2196044921875,349.9305419921875,268.66436767578125,0.0],"location":{"altitude":112.33601379394531,"altitudeAccuracy":2.9309959411621094,"heading":104.3853759765625,"headingAccuracy":5.023325443267822,"headingTimestamp":1703255940.0,"latitude":51.44758987426758,"longitude":7.0348944664001465,"positionAccuracy":5.023325443267822,"positionSource":"corelocation","positionTimestamp":1703255940.0},"pose":[-0.2927360534667969,-0.11378881335258484,-0.060223765671253204,-0.09683012217283249,-0.15587615966796875,-0.7030805349349976,0.6870254278182983],"pose4x4":[-0.0372391939163208,-0.9358813762664795,0.35034051537513733,0.0,0.9962553977966309,-0.007396578788757324,0.08613747358322144,0.0,-0.0780230164527893,0.3522365093231201,0.9326530694961548,0.0,-0.2927360534667969,-0.11378881335258484,-0.060223765671253204,1.0],"resolution":[720,540],"sequence":17,"timestamp":1703255944.183,"tracking":2,"trackingReason":0},{"exposure":0.0,"image":"frame_00000018.jpg","intrinsics":[547.2196044921875,547.2196044921875,349.926025390625,268.59661865234375,0.0],"location":{"altitude":112.33601379394531,"altitudeAccuracy":2.9309959411621094,"heading":104.3853759765625,"headingAccuracy":5.023325443267822,"headingTimestamp":1703255940.0,"latitude":51.44758987426758,"longitude":7.0348944664001465,"positionAccuracy":5.023325443267822,"positionSource":"corelocation","positionTimestamp":1703255940.0},"pose":[-0.2934245467185974,-0.11361484229564667,-0.06062908098101616,-0.09554456919431686,-0.15665924549102783,-0.7025973796844482,0.687521755695343],"pose4x4":[-0.03637039661407471,-0.9361660480499268,0.34967201948165894,0.0,0.9960378408432007,-0.005543708801269531,0.08875881135463715,0.0,-0.08115454018115997,0.35151469707489014,0.9326582551002502,0.0,-0.2934245467185974,-0.11361484229564667,-0.06062908098101616,1.0],"resolution":[720,540],"sequence":18,"timestamp":1703255944.233,"tracking":2,"trackingReason":0},{"exposure":0.0,"image":"frame_00000019.jpg","intrinsics":[547.4392700195313,547.4392700195313,349.9248962402344,268.6080322265625,0.0],"location":{"altitude":112.33601379394531,"altitudeAccuracy":2.9309959411621094,"heading":104.3853759765625,"headingAccuracy":5.023325443267822,"headingTimestamp":1703255940.0,"latitude":51.44758987426758,"longitude":7.0348944664001465,"positionAccuracy":5.023325443267822,"positionSource":"corelocation","positionTimestamp":1703255940.0},"pose":[-0.29380306601524353,-0.11294019222259521,-0.06046539917588234,-0.09410430490970612,-0.15729184448719025,-0.7017235159873962,0.6884677410125732],"pose4x4":[-0.034313201904296875,-0.9366243481636047,0.34865111112594604,0.0,0.9958316683769226,-0.0025430917739868164,0.09117522835731506,0.0,-0.08451031148433685,0.3503263294696808,0.9328073263168335,0.0,-0.29380306601524353,-0.11294019222259521,-0.06046539917588234,1.0],"resolution":[720,540],"sequence":19,"timestamp":1703255944.299,"tracking":2,"trackingReason":0},{"exposure":0.0,"image":"frame_00000020.jpg","intrinsics":[547.4392700195313,547.4392700195313,349.8992004394531,268.65087890625,0.0],"location":{"altitude":112.33601379394531,"altitudeAccuracy":2.9309959411621094,"heading":104.3853759765625,"headingAccuracy":5.023325443267822,"headingTimestamp":1703255940.0,"latitude":51.44758987426758,"longitude":7.0348944664001465,"positionAccuracy":5.023325443267822,"positionSource":"corelocation","positionTimestamp":1703255940.0},"pose":[-0.2938401401042938,-0.11208489537239075,-0.06022395193576813,-0.09223056584596634,-0.1579388529062271,-0.7016612887382507,0.6886367201805115],"pose4x4":[-0.034546494483947754,-0.9372459053993225,0.34695422649383545,0.0,0.9955130219459534,-0.0016701221466064453,0.09461244940757751,0.0,-0.0880957543849945,0.34866586327552795,0.9330976605415344,0.0,-0.2938401401042938,-0.11208489537239075,-0.06022395193576813,1.0],"resolution":[720,540],"sequence":20,"timestamp":1703255944.366,"tracking":2,"trackingReason":0},{"exposure":0.0,"image":"frame_00000021.jpg","intrinsics":[547.6588745117188,547.6588745117188,349.9312744140625,268.7496643066406,0.0],"location":{"altitude":112.33601379394531,"altitudeAccuracy":2.9309959411621094,"heading":104.3853759765625,"headingAccuracy":5.023325443267822,"headingTimestamp":1703255940.0,"latitude":51.44758987426758,"longitude":7.0348944664001465,"positionAccuracy":5.023325443267822,"positionSource":"corelocation","positionTimestamp":1703255940.0},"pose":[-0.294710248708725,-0.11177626252174377,-0.06002993881702423,-0.09199780225753784,-0.15833353996276855,-0.7014555335044861,0.688786506652832],"pose4x4":[-0.034218788146972656,-0.9371735453605652,0.3471807539463043,0.0,0.9954388737678528,-0.0010069608688354492,0.09539417922496796,0.0,-0.0890512764453888,0.34886157512664795,0.9329338073730469,0.0,-0.294710248708725,-0.11177626252174377,-0.06002993881702423,1.0],"resolution":[720,540],"sequence":21,"timestamp":1703255944.433,"tracking":2,"trackingReason":0},{"exposure":0.0,"image":"frame_00000022.jpg","intrinsics":[547.4392700195313,547.4392700195313,349.9295959472656,268.6719970703125,0.0],"location":{"altitude":112.33601379394531,"altitudeAccuracy":2.9309959411621094,"heading":104.3853759765625,"headingAccuracy":5.023325443267822,"headingTimestamp":1703255940.0,"latitude":51.44758987426758,"longitude":7.0348944664001465,"positionAccuracy":5.023325443267822,"positionSource":"corelocation","positionTimestamp":1703255940.0},"pose":[-0.29616817831993103,-0.11152705550193787,-0.05954344570636749,-0.09367600828409195,-0.15766195952892303,-0.7005720734596252,0.689612865447998],"pose4x4":[-0.03131711483001709,-0.9367087483406067,0.3487050235271454,0.0,0.9957852959632874,0.0008471012115478516,0.091706782579422,0.0,-0.0861978530883789,0.35010749101638794,0.932735025882721,0.0,-0.29616817831993103,-0.11152705550193787,-0.05954344570636749,1.0],"resolution":[720,540],"sequence":22,"timestamp":1703255944.499,"tracking":2,"trackingReason":0},{"exposure":0.0,"image":"frame_00000023.jpg","intrinsics":[547.0,547.0,349.8721618652344,268.6073303222656,0.0],"location":{"altitude":112.33601379394531,"altitudeAccuracy":2.9309959411621094,"heading":104.3853759765625,"headingAccuracy":5.023325443267822,"headingTimestamp":1703255940.0,"latitude":51.44758987426758,"longitude":7.0348944664001465,"positionAccuracy":5.023325443267822,"positionSource":"corelocation","positionTimestamp":1703255940.0},"pose":[-0.2979736924171448,-0.11125399172306061,-0.05923459306359291,-0.0951061099767685,-0.1575217992067337,-0.6997121572494507,0.6903216242790222],"pose4x4":[-0.028820514678955078,-0.9360902905464172,0.35057520866394043,0.0,0.9960154891014099,0.0027154088020324707,0.08913223445415497,0.0,-0.08438760042190552,0.35174745321273804,0.9322834014892578,0.0,-0.2979736924171448,-0.11125399172306061,-0.05923459306359291,1.0],"resolution":[720,540],"sequence":23,"timestamp":1703255944.566,"tracking":2,"trackingReason":0},{"exposure":0.0,"image":"frame_00000024.jpg","intrinsics":[547.2196044921875,547.2196044921875,349.9610900878906,268.7364807128906,0.0],"location":{"altitude":112.33601379394531,"altitudeAccuracy":2.9309959411621094,"heading":104.3853759765625,"headingAccuracy":5.023325443267822,"headingTimestamp":1703255940.0,"latitude":51.44758987426758,"longitude":7.0348944664001465,"positionAccuracy":5.023325443267822,"positionSource":"corelocation","positionTimestamp":1703255940.0},"pose":[-0.2988983392715454,-0.11063063144683838,-0.05814403295516968,-0.09520533680915833,-0.15635034441947937,-0.7003483176231384,0.6899298429489136],"pose4x4":[-0.029866337776184082,-0.9366115927696228,0.34909534454345703,0.0,0.9961531758308411,0.0008963942527770996,0.08762939274311066,0.0,-0.08238773047924042,0.350369393825531,0.932981014251709,0.0,-0.2988983392715454,-0.11063063144683838,-0.05814403295516968,1.0],"resolution":[720,540],"sequence":24,"timestamp":1703255944.633,"tracking":2,"trackingReason":0},{"exposure":0.0,"image":"frame_00000025.jpg","intrinsics":[547.2196044921875,547.2196044921875,349.9292907714844,268.62945556640625,0.0],"location":{"altitude":112.33601379394531,"altitudeAccuracy":2.9309959411621094,"heading":104.3853759765625,"headingAccuracy":5.023325443267822,"headingTimestamp":1703255940.0,"latitude":51.44758987426758,"longitude":7.0348944664001465,"positionAccuracy":5.023325443267822,"positionSource":"corelocation","positionTimestamp":1703255940.0},"pose":[-0.29981768131256104,-0.10996732115745544,-0.05676377937197685,-0.09486803412437439,-0.15515904128551483,-0.7008112072944641,0.6897751092910767],"pose4x4":[-0.03042137622833252,-0.9373649954795837,0.347018837928772,0.0,0.9962435364723206,-0.00027251243591308594,0.08659917116165161,0.0,-0.08108052611351013,0.34834960103034973,0.9338514804840088,0.0,-0.29981768131256104,-0.10996732115745544,-0.05676377937197685,1.0],"resolution":[720,540],"sequence":25,"timestamp":1703255944.699,"tracking":2,"trackingReason":0},{"exposure":0.0,"image":"frame_00000026.jpg","intrinsics":[547.2196044921875,547.2196044921875,349.92559814453125,268.66802978515625,0.0],"location":{"altitude":112.33601379394531,"altitudeAccuracy":2.9309959411621094,"heading":104.3853759765625,"headingAccuracy":5.023325443267822,"headingTimestamp":1703255940.0,"latitude":51.44758987426758,"longitude":7.0348944664001465,"positionAccuracy":5.023325443267822,"positionSource":"corelocation","positionTimestamp":1703255940.0},"pose":[-0.3002621829509735,-0.10951733589172363,-0.05579134076833725,-0.09408637136220932,-0.15639565885066986,-0.70055091381073,0.6898675560951233],"pose4x4":[-0.03046238422393799,-0.9371452927589417,0.34760916233062744,0.0,0.996004045009613,0.0007523298263549805,0.08931197226047516,0.0,-0.08395999670028687,0.34894049167633057,0.9333763122558594,0.0,-0.3002621829509735,-0.10951733589172363,-0.05579134076833725,1.0],"resolution":[720,540],"sequence":26,"timestamp":1703255944.782,"tracking":2,"trackingReason":0},{"exposure":0.0,"image":"frame_00000027.jpg","intrinsics":[547.4392700195313,547.4392700195313,349.91156005859375,268.603759765625,0.0],"location":{"altitude":112.33601379394531,"altitudeAccuracy":2.9309959411621094,"heading":104.3853759765625,"headingAccuracy":5.023325443267822,"headingTimestamp":1703255940.0,"latitude":51.44758987426758,"longitude":7.0348944664001465,"positionAccuracy":5.023325443267822,"positionSource":"corelocation","positionTimestamp":1703255940.0},"pose":[-0.2994268834590912,-0.10938823223114014,-0.05547342076897621,-0.09289853274822235,-0.15665490925312042,-0.7007310390472412,0.6897866129875183],"pose4x4":[-0.03112947940826416,-0.937603771686554,0.34631067514419556,0.0,0.9958158135414124,0.0006917715072631836,0.09138558804988861,0.0,-0.08592315018177032,0.34770625829696655,0.9336581826210022,0.0,-0.2994268834590912,-0.10938823223114014,-0.05547342076897621,1.0],"resolution":[720,540],"sequence":27,"timestamp":1703255944.832,"tracking":2,"trackingReason":0},{"exposure":0.0,"image":"frame_00000028.jpg","intrinsics":[547.6588745117188,547.6588745117188,349.9070739746094,268.6080322265625,0.0],"location":{"altitude":112.33601379394531,"altitudeAccuracy":2.9309959411621094,"heading":104.3853759765625,"headingAccuracy":5.023325443267822,"headingTimestamp":1703255940.0,"latitude":51.44758987426758,"longitude":7.0348944664001465,"positionAccuracy":5.023325443267822,"positionSource":"corelocation","positionTimestamp":1703255940.0},"pose":[-0.29790744185447693,-0.10895973443984985,-0.05430254712700844,-0.09238485991954803,-0.15601518750190735,-0.7010704278945923,0.6896555423736572],"pose4x4":[-0.031680941581726074,-0.9381673336029053,0.34473007917404175,0.0,0.9958211183547974,-6.937980651855469e-05,0.09132781624794006,0.0,-0.08565689623355865,0.3461827337741852,0.9342485666275024,0.0,-0.29790744185447693,-0.10895973443984985,-0.05430254712700844,1.0],"resolution":[720,540],"sequence":28,"timestamp":1703255944.899,"tracking":2,"trackingReason":0},{"exposure":0.0,"image":"frame_00000029.jpg","intrinsics":[547.4392700195313,547.4392700195313,349.87139892578125,268.5223388671875,0.0],"location":{"altitude":112.33601379394531,"altitudeAccuracy":2.9309959411621094,"heading":104.3853759765625,"headingAccuracy":5.023325443267822,"headingTimestamp":1703255940.0,"latitude":51.44758987426758,"longitude":7.0348944664001465,"positionAccuracy":5.023325443267822,"positionSource":"corelocation","positionTimestamp":1703255940.0},"pose":[-0.29350754618644714,-0.10872586071491241,-0.05395668372511864,-0.09183256328105927,-0.15657874941825867,-0.7016425132751465,0.6890193223953247],"pose4x4":[-0.03363823890686035,-0.9381324648857117,0.3446388244628906,0.0,0.9956485629081726,-0.001470804214477539,0.09317578375339508,0.0,-0.08690431714057922,0.34627342224121094,0.9340997338294983,0.0,-0.29350754618644714,-0.10872586071491241,-0.05395668372511864,1.0],"resolution":[720,540],"sequence":29,"timestamp":1703255944.982,"tracking":2,"trackingReason":0},{"exposure":0.0,"image":"frame_00000030.jpg","intrinsics":[547.0,547.0,349.88037109375,268.54803466796875,0.0],"location":{"altitude":112.33601379394531,"altitudeAccuracy":2.9309959411621094,"heading":104.3853759765625,"headingAccuracy":5.023325443267822,"headingTimestamp":1703255940.0,"latitude":51.44758987426758,"longitude":7.0348944664001465,"positionAccuracy":5.023325443267822,"positionSource":"corelocation","positionTimestamp":1703255940.0},"pose":[-0.2908036410808563,-0.10861964523792267,-0.05371367186307907,-0.0918106883764267,-0.15612463653087616,-0.7016317844390869,0.6891357898712158],"pose4x4":[-0.03332412242889404,-0.9383713603019714,0.3440167307853699,0.0,0.9957069754600525,-0.0014327764511108398,0.09254394471645355,0.0,-0.0863475650548935,0.34562408924102783,0.9343917965888977,0.0,-0.2908036410808563,-0.10861964523792267,-0.05371367186307907,1.0],"resolution":[720,540],"sequence":30,"timestamp":1703255945.032,"tracking":2,"trackingReason":0},{"exposure":0.0,"image":"frame_00000031.jpg","intrinsics":[547.4392700195313,547.4392700195313,349.89190673828125,268.42376708984375,0.0],"location":{"altitude":112.33601379394531,"altitudeAccuracy":2.9309959411621094,"heading":104.3853759765625,"headingAccuracy":5.023325443267822,"headingTimestamp":1703255940.0,"latitude":51.44758987426758,"longitude":7.0348944664001465,"positionAccuracy":5.023325443267822,"positionSource":"corelocation","positionTimestamp":1703255940.0},"pose":[-0.28572744131088257,-0.10814157128334045,-0.053535185754299164,-0.09229055047035217,-0.15314538776874542,-0.7016231417655945,0.6897491812705994],"pose4x4":[-0.03145706653594971,-0.9396202564239502,0.3407701849937439,0.0,0.9961557388305664,-0.0015851259231567383,0.08758604526519775,0.0,-0.08175742626190186,0.342215359210968,0.9360578656196594,0.0,-0.28572744131088257,-0.10814157128334045,-0.053535185754299164,1.0],"resolution":[720,540],"sequence":31,"timestamp":1703255945.099,"tracking":2,"trackingReason":0},{"exposure":0.0,"image":"frame_00000032.jpg","intrinsics":[547.4392700195313,547.4392700195313,349.8226623535156,268.432373046875,0.0],"location":{"altitude":112.33601379394531,"altitudeAccuracy":2.9309959411621094,"heading":104.3853759765625,"headingAccuracy":5.023325443267822,"headingTimestamp":1703255940.0,"latitude":51.44758987426758,"longitude":7.0348944664001465,"positionAccuracy":5.023325443267822,"positionSource":"corelocation","positionTimestamp":1703255940.0},"pose":[-0.28012678027153015,-0.10885272920131683,-0.05426064133644104,-0.09397266060113907,-0.15131442248821259,-0.7021369338035583,0.6894031763076782],"pose4x4":[-0.031784653663635254,-0.9396719932556152,0.34059664607048035,0.0,0.9965497255325317,-0.0036542415618896484,0.08291679620742798,0.0,-0.07666993141174316,0.3420569896697998,0.9365461468696594,0.0,-0.28012678027153015,-0.10885272920131683,-0.05426064133644104,1.0],"resolution":[720,540],"sequence":32,"timestamp":1703255945.182,"tracking":2,"trackingReason":0},{"exposure":0.0,"image":"frame_00000033.jpg","intrinsics":[547.0,547.0,349.82574462890625,268.3423767089844,0.0],"location":{"altitude":112.33601379394531,"altitudeAccuracy":2.9309959411621094,"heading":104.3853759765625,"headingAccuracy":5.023325443267822,"headingTimestamp":1703255940.0,"latitude":51.44758987426758,"longitude":7.0348944664001465,"positionAccuracy":5.023325443267822,"positionSource":"corelocation","positionTimestamp":1703255940.0},"pose":[-0.2830553650856018,-0.11163897812366486,-0.05373520776629448,-0.09617971628904343,-0.1509440392255783,-0.7014691829681396,0.6898592710494995],"pose4x4":[-0.02968621253967285,-0.9387945532798767,0.34319448471069336,0.0,0.9968655705451965,-0.002619147300720215,0.0790642499923706,0.0,-0.07332606613636017,0.34446612000465393,0.9359307289123535,0.0,-0.2830553650856018,-0.11163897812366486,-0.05373520776629448,1.0],"resolution":[720,540],"sequence":33,"timestamp":1703255945.232,"tracking":2,"trackingReason":0},{"exposure":0.0,"image":"frame_00000034.jpg","intrinsics":[547.4392700195313,547.4392700195313,349.838623046875,268.250732421875,0.0],"location":{"altitude":112.33601379394531,"altitudeAccuracy":2.9309959411621094,"heading":104.3853759765625,"headingAccuracy":5.023325443267822,"headingTimestamp":1703255940.0,"latitude":51.44758987426758,"longitude":7.0348944664001465,"positionAccuracy":5.023325443267822,"positionSource":"corelocation","positionTimestamp":1703255940.0},"pose":[-0.27308472990989685,-0.11279335618019104,-0.05514013394713402,-0.09844627231359482,-0.1502983123064041,-0.701791524887085,0.6893522143363953],"pose4x4":[-0.03020179271697998,-0.9379704594612122,0.34539446234703064,0.0,0.9971557259559631,-0.004405975341796875,0.07522784173488617,0.0,-0.06903943419456482,0.34668445587158203,0.9354375004768372,0.0,-0.27308472990989685,-0.11279335618019104,-0.05514013394713402,1.0],"resolution":[720,540],"sequence":34,"timestamp":1703255945.299,"tracking":2,"trackingReason":0},{"exposure":0.0,"image":"frame_00000035.jpg","intrinsics":[547.0,547.0,349.8128967285156,268.33807373046875,0.0],"location":{"altitude":112.33601379394531,"altitudeAccuracy":2.9309959411621094,"heading":104.3853759765625,"headingAccuracy":5.023325443267822,"headingTimestamp":1703255940.0,"latitude":51.44758987426758,"longitude":7.0348944664001465,"positionAccuracy":5.023325443267822,"positionSource":"corelocation","positionTimestamp":1703255940.0},"pose":[-0.2576681971549988,-0.11363337934017181,-0.056995682418346405,-0.09940604865550995,-0.15049047768115997,-0.7024121880531311,0.6885406374931335],"pose4x4":[-0.03206050395965576,-0.9373593330383301,0.34688565135002136,0.0,0.9971979856491089,-0.0065288543701171875,0.07452249526977539,0.0,-0.06758958101272583,0.3483029007911682,0.9349421262741089,0.0,-0.2576681971549988,-0.11363337934017181,-0.056995682418346405,1.0],"resolution":[720,540],"sequence":35,"timestamp":1703255945.382,"tracking":2,"trackingReason":0},{"exposure":0.0,"image":"frame_00000036.jpg","intrinsics":[547.2196044921875,547.2196044921875,349.78192138671875,268.28289794921875,0.0],"location":{"altitude":112.33601379394531,"altitudeAccuracy":2.9309959411621094,"heading":104.3853759765625,"headingAccuracy":5.023325443267822,"headingTimestamp":1703255940.0,"latitude":51.44758987426758,"longitude":7.0348944664001465,"positionAccuracy":5.023325443267822,"positionSource":"corelocation","positionTimestamp":1703255940.0},"pose":[-0.2472577691078186,-0.11370502412319183,-0.05821835994720459,-0.10058732330799103,-0.15125121176242828,-0.7024807333946228,0.6881318688392639],"pose4x4":[-0.03271222114562988,-0.936370849609375,0.3494828939437866,0.0,0.9972267150878906,-0.007194042205810547,0.07406744360923767,0.0,-0.06684024631977081,0.35093680024147034,0.9340105056762695,0.0,-0.2472577691078186,-0.11370502412319183,-0.05821835994720459,1.0],"resolution":[720,540],"sequence":36,"timestamp":1703255945.432,"tracking":2,"trackingReason":0},{"exposure":0.0,"image":"frame_00000037.jpg","intrinsics":[547.4392700195313,547.4392700195313,349.8294677734375,268.39666748046875,0.0],"location":{"altitude":112.33601379394531,"altitudeAccuracy":2.9309959411621094,"heading":104.3853759765625,"headingAccuracy":5.023325443267822,"headingTimestamp":1703255940.0,"latitude":51.44758987426758,"longitude":7.0348944664001465,"positionAccuracy":5.023325443267822,"positionSource":"corelocation","positionTimestamp":1703255940.0},"pose":[-0.23373839259147644,-0.11287316679954529,-0.05942777544260025,-0.10074874013662338,-0.1509755551815033,-0.7042005062103271,0.6864091753959656],"pose4x4":[-0.03738391399383545,-0.9363181591033936,0.34915661811828613,0.0,0.9971605539321899,-0.012097358703613281,0.07432441413402557,0.0,-0.06536738574504852,0.3509438633918762,0.9341121315956116,0.0,-0.23373839259147644,-0.11287316679954529,-0.05942777544260025,1.0],"resolution":[720,540],"sequence":37,"timestamp":1703255945.499,"tracking":2,"trackingReason":0},{"exposure":0.0,"image":"frame_00000038.jpg","intrinsics":[547.2196044921875,547.2196044921875,349.82177734375,268.37237548828125,0.0],"location":{"altitude":112.33601379394531,"altitudeAccuracy":2.9309959411621094,"heading":104.3853759765625,"headingAccuracy":5.023325443267822,"headingTimestamp":1703255940.0,"latitude":51.44758987426758,"longitude":7.0348944664001465,"positionAccuracy":5.023325443267822,"positionSource":"corelocation","positionTimestamp":1703255940.0},"pose":[-0.21679508686065674,-0.1112406849861145,-0.0607210248708725,-0.10107073187828064,-0.1498267948627472,-0.7063129544258118,0.6844407916069031],"pose4x4":[-0.042652130126953125,-0.9365726113319397,0.34787029027938843,0.0,0.9971449971199036,-0.018186569213867188,0.07329533994197845,0.0,-0.062320008873939514,0.35000306367874146,0.9346733093261719,0.0,-0.21679508686065674,-0.1112406849861145,-0.0607210248708725,1.0],"resolution":[720,540],"sequence":38,"timestamp":1703255945.582,"tracking":2,"trackingReason":0},{"exposure":0.0,"image":"frame_00000039.jpg","intrinsics":[547.2196044921875,547.2196044921875,349.8125,268.30419921875,0.0],"location":{"altitude":112.33601379394531,"altitudeAccuracy":2.9309959411621094,"heading":104.3853759765625,"headingAccuracy":5.023325443267822,"headingTimestamp":1703255940.0,"latitude":51.44758987426758,"longitude":7.0348944664001465,"positionAccuracy":5.023325443267822,"positionSource":"corelocation","positionTimestamp":1703255940.0},"pose":[-0.20768442749977112,-0.1107664555311203,-0.060574132949113846,-0.10406538844108582,-0.14770735800266266,-0.7066966891288757,0.6840558648109436],"pose4x4":[-0.042475342750549316,-0.9360975623130798,0.34916549921035767,0.0,0.9975824952125549,-0.020499587059020996,0.06639552116394043,0.0,-0.0549948513507843,0.35114169120788574,0.9347058534622192,0.0,-0.20768442749977112,-0.1107664555311203,-0.060574132949113846,1.0],"resolution":[720,540],"sequence":39,"timestamp":1703255945.632,"tracking":2,"trackingReason":0},{"exposure":0.0,"image":"frame_00000040.jpg","in