{"app":"com.DefaultCompany.Tutorial-Series-ARDK3-Meshing-AliveStudios","autofocus":1,"captureGroup":{"sequence":0,"uuid":"018aeb51-6660-7033-80d4-ced60000ffff"},"coordinates":"opengl","depthSource":"none","duration":41.704,"formatVersion":"1","frameCount":445,"framerate":10.64646077114905,"frames":[{"exposure":0.0,"image":"frame_00000000.jpg","intrinsics":[548.976806640625,548.976806640625,360.15789794921875,258.3189392089844,0.0],"location":{"altitude":112.81932067871094,"altitudeAccuracy":2.9986329078674316,"heading":42.1795654296875,"headingAccuracy":4.983245849609375,"headingTimestamp":1696165088000.0,"latitude":51.446998596191406,"longitude":7.034745693206787,"positionAccuracy":4.983245849609375,"positionSource":"corelocation","positionTimestamp":1696165088000.0},"pose":[-0.012396812438964844,-0.04733892157673836,0.0028929635882377625,-0.21825000643730164,0.02741791494190693,0.006532152183353901,0.9754858016967773],"pose4x4":[0.9984111785888672,0.0007761232554912567,-0.05634285882115364,0.0,-0.024711962789297104,0.9046485424041748,-0.4254413843154907,0.0,0.0506402887403965,0.42615777254104614,0.9032303690910339,0.0,-0.012396812438964844,-0.04733892157673836,0.0028929635882377625,1.0],"resolution":[720,540],"sequence":0,"timestamp":1696165095.0,"tracking":2,"trackingReason":0},{"exposure":0.0,"image":"frame_00000001.jpg","intrinsics":[548.31787109375,548.31787109375,360.2154846191406,258.38323974609375,0.0],"location":{"altitude":112.81932067871094,"altitudeAccuracy":2.9986329078674316,"heading":42.1795654296875,"headingAccuracy":4.983245849609375,"headingTimestamp":1696165088000.0,"latitude":51.446998596191406,"longitude":7.034745693206787,"positionAccuracy":4.983245849609375,"positionSource":"corelocation","positionTimestamp":1696165088000.0},"pose":[-0.012566059827804565,-0.04751545935869217,0.0031623770482838154,-0.21772809326648712,0.027233421802520752,0.007069175131618977,0.9756038188934326],"pose4x4":[0.9984167218208313,0.0019344668835401535,-0.05621637776494026,0.0,-0.025652389973402023,0.9050890207290649,-0.4244476854801178,0.0,0.05005974695086479,0.42521777749061584,0.9037056565284729,0.0,-0.012566059827804565,-0.04751545935869217,0.0031623770482838154,1.0],"resolution":[720,540],"sequence":1,"timestamp":1696165095.1,"tracking":2,"trackingReason":0},{"exposure":0.0,"image":"frame_00000002.jpg","intrinsics":[548.31787109375,548.31787109375,360.2279357910156,258.33648681640625,0.0],"location":{"altitude":112.81932067871094,"altitudeAccuracy":2.9986329078674316,"heading":42.1795654296875,"headingAccuracy":4.983245849609375,"headingTimestamp":1696165088000.0,"latitude":51.446998596191406,"longitude":7.034745693206787,"positionAccuracy":4.983245849609375,"positionSource":"corelocation","positionTimestamp":1696165088000.0},"pose":[-0.012893110513687134,-0.04723823815584183,0.0037389411590993404,-0.21748848259449005,0.027140257880091667,0.007067530415952206,0.9756599068641663],"pose4x4":[0.9984269142150879,0.0019856253638863564,-0.05603353679180145,0.0,-0.02559639886021614,0.9052976369857788,-0.4240059554576874,0.0,0.049885109066963196,0.4247731864452362,0.9039243459701538,0.0,-0.012893110513687134,-0.04723823815584183,0.0037389411590993404,1.0],"resolution":[720,540],"sequence":2,"timestamp":1696165095.2,"tracking":2,"trackingReason":0},{"exposure":0.0,"image":"frame_00000003.jpg","intrinsics":[548.7571411132813,548.7571411132813,360.2189636230469,258.3189392089844,0.0],"location":{"altitude":112.81932067871094,"altitudeAccuracy":2.9986329078674316,"heading":42.1795654296875,"headingAccuracy":4.983245849609375,"headingTimestamp":1696165088000.0,"latitude":51.446998596191406,"longitude":7.034745693206787,"positionAccuracy":4.983245849609375,"positionSource":"corelocation","positionTimestamp":1696165088000.0},"pose":[-0.013362087309360504,-0.04688239470124245,0.003859933465719223,-0.21677713096141815,0.027714766561985016,0.0072715189307928085,0.9758005738258362],"pose4x4":[0.9983580112457275,0.0021752500906586647,-0.057240769267082214,0.0,-0.026206959038972855,0.9059095978736877,-0.4226594567298889,0.0,0.05093557387590408,0.4234655499458313,0.9044791460037231,0.0,-0.013362087309360504,-0.04688239470124245,0.003859933465719223,1.0],"resolution":[720,540],"sequence":3,"timestamp":1696165095.3,"tracking":2,"trackingReason":0},{"exposure":0.0,"image":"frame_00000004.jpg","intrinsics":[548.5375366210938,548.5375366210938,360.2453918457031,258.34466552734375,0.0],"location":{"altitude":112.81932067871094,"altitudeAccuracy":2.9986329078674316,"heading":42.1795654296875,"headingAccuracy":4.983245849609375,"headingTimestamp":1696165088000.0,"latitude":51.446998596191406,"longitude":7.034745693206787,"positionAccuracy":4.983245849609375,"positionSource":"corelocation","positionTimestamp":1696165088000.0},"pose":[-0.013639144599437714,-0.04660618305206299,0.005050220992416143,-0.2150999903678894,0.02655882015824318,0.007796173915266991,0.9761996865272522],"pose4x4":[0.9984676837921143,0.003795640543103218,-0.05520733445882797,0.0,-0.026646848767995834,0.9073424339294434,-0.4195469915866852,0.0,0.04849950969219208,0.42037519812583923,0.9060532450675964,0.0,-0.013639144599437714,-0.04660618305206299,0.005050220992416143,1.0],"resolution":[720,540],"sequence":4,"timestamp":1696165095.4,"tracking":2,"trackingReason":0},{"exposure":0.0,"image":"frame_00000005.jpg","intrinsics":[548.5375366210938,548.5375366210938,360.2237548828125,258.34893798828125,0.0],"location":{"altitude":112.81932067871094,"altitudeAccuracy":2.9986329078674316,"heading":42.1795654296875,"headingAccuracy":4.983245849609375,"headingTimestamp":1696165088000.0,"latitude":51.446998596191406,"longitude":7.034745693206787,"positionAccuracy":4.983245849609375,"positionSource":"corelocation","positionTimestamp":1696165088000.0},"pose":[-0.014141533523797989,-0.0460921972990036,0.006249496713280678,-0.2147902548313141,0.026470934972167015,0.008029211312532425,0.9762684106826782],"pose4x4":[0.9984696507453918,0.004305933602154255,-0.055134668946266174,0.0,-0.027048729360103607,0.9076013565063477,-0.4189608097076416,0.0,0.04823628067970276,0.419810950756073,0.9063288569450378,0.0,-0.014141533523797989,-0.0460921972990036,0.006249496713280678,1.0],"resolution":[720,540],"sequence":5,"timestamp":1696165095.5,"tracking":2,"trackingReason":0},{"exposure":0.0,"image":"frame_00000006.jpg","intrinsics":[548.31787109375,548.31787109375,360.26220703125,258.29376220703125,0.0],"location":{"altitude":112.81932067871094,"altitudeAccuracy":2.9986329078674316,"heading":42.1795654296875,"headingAccuracy":4.983245849609375,"headingTimestamp":1696165088000.0,"latitude":51.446998596191406,"longitude":7.034745693206787,"positionAccuracy":4.983245849609375,"positionSource":"corelocation","positionTimestamp":1696165088000.0},"pose":[-0.015688937157392502,-0.046497516334056854,0.00713729951530695,-0.21500518918037415,0.025449663400650024,0.009050218388438225,0.9762393236160278],"pose4x4":[0.9985408186912537,0.006726738065481186,-0.053581614047288895,0.0,-0.028613977134227753,0.9073817133903503,-0.4193323850631714,0.0,0.04579823836684227,0.4202536940574646,0.9062501788139343,0.0,-0.015688937157392502,-0.046497516334056854,0.00713729951530695,1.0],"resolution":[720,540],"sequence":6,"timestamp":1696165095.6,"tracking":2,"trackingReason":0},{"exposure":0.0,"image":"frame_00000007.jpg","intrinsics":[548.0982055664063,548.0982055664063,360.2540283203125,258.344970703125,0.0],"location":{"altitude":112.81932067871094,"altitudeAccuracy":2.9986329078674316,"heading":42.1795654296875,"headingAccuracy":4.983245849609375,"headingTimestamp":1696165088000.0,"latitude":51.446998596191406,"longitude":7.034745693206787,"positionAccuracy":4.983245849609375,"positionSource":"corelocation","positionTimestamp":1696165088000.0},"pose":[-0.016513008624315262,-0.04696998372673988,0.008305331692099571,-0.21538503468036652,0.0256281029433012,0.00878814235329628,0.9761533141136169],"pose4x4":[0.9985319375991821,0.006117329001426697,-0.05381958559155464,0.0,-0.028196968138217926,0.9070640802383423,-0.42004719376564026,0.0,0.04624824598431587,0.4209480583667755,0.90590500831604,0.0,-0.016513008624315262,-0.04696998372673988,0.008305331692099571,1.0],"resolution":[720,540],"sequence":7,"timestamp":1696165095.7,"tracking":2,"trackingReason":0},{"exposure":0.0,"image":"frame_00000008.jpg","intrinsics":[548.5375366210938,548.5375366210938,360.29290771484375,258.3319091796875,0.0],"location":{"altitude":112.81932067871094,"altitudeAccuracy":2.9986329078674316,"heading":42.1795654296875,"headingAccuracy":4.983245849609375,"headingTimestamp":1696165088000.0,"latitude":51.446998596191406,"longitude":7.034745693206787,"positionAccuracy":4.983245849609375,"positionSource":"corelocation","positionTimestamp":1696165088000.0},"pose":[-0.016791701316833496,-0.04707929491996765,0.008717216551303864,-0.21519987285137177,0.026299620047211647,0.009565887972712517,0.9761689305305481],"pose4x4":[0.9984336495399475,0.007356495596468449,-0.055462900549173355,0.0,-0.02999519556760788,0.9071950316429138,-0.4196397066116333,0.0,0.04722858592867851,0.4206460118293762,0.905994713306427,0.0,-0.016791701316833496,-0.04707929491996765,0.008717216551303864,1.0],"resolution":[720,540],"sequence":8,"timestamp":1696165095.8,"tracking":2,"trackingReason":0},{"exposure":0.0,"image":"frame_00000009.jpg","intrinsics":[548.31787109375,548.31787109375,360.30987548828125,258.29803466796875,0.0],"location":{"altitude":112.81932067871094,"altitudeAccuracy":2.9986329078674316,"heading":42.1795654296875,"headingAccuracy":4.983245849609375,"headingTimestamp":1696165088000.0,"latitude":51.446998596191406,"longitude":7.034745693206787,"positionAccuracy":4.983245849609375,"positionSource":"corelocation","positionTimestamp":1696165088000.0},"pose":[-0.017211755737662315,-0.046907003968954086,0.008743555285036564,-0.2145659625530243,0.026776552200317383,0.009558146819472313,0.9762955904006958],"pose4x4":[0.9983833432197571,0.007172479294240475,-0.05638536438345909,0.0,-0.030153825879096985,0.9077401757240295,-0.4184477627277374,0.0,0.04818195477128029,0.41947147250175476,0.9064888954162598,0.0,-0.017211755737662315,-0.046907003968954086,0.008743555285036564,1.0],"resolution":[720,540],"sequence":9,"timestamp":1696165095.9,"tracking":2,"trackingReason":0},{"exposure":0.0,"image":"frame_00000010.jpg","intrinsics":[548.31787109375,548.31787109375,360.25372314453125,258.3108825683594,0.0],"location":{"altitude":112.81932067871094,"altitudeAccuracy":2.9986329078674316,"heading":42.1795654296875,"headingAccuracy":4.983245849609375,"headingTimestamp":1696165088000.0,"latitude":51.446998596191406,"longitude":7.034745693206787,"positionAccuracy":4.983245849609375,"positionSource":"corelocation","positionTimestamp":1696165088000.0},"pose":[-0.018521854653954506,-0.04672914743423462,0.009028268977999687,-0.21422207355499268,0.026967570185661316,0.010194184258580208,0.9763594269752502],"pose4x4":[0.9983376860618591,0.008352277800440788,-0.05702771991491318,0.0,-0.0314604714512825,0.908009946346283,-0.41776564717292786,0.0,0.04829244315624237,0.41886529326438904,0.9067633152008057,0.0,-0.018521854653954506,-0.04672914743423462,0.009028268977999687,1.0],"resolution":[720,540],"sequence":10,"timestamp":1696165096.0,"tracking":2,"trackingReason":0},{"exposure":0.0,"image":"frame_00000011.jpg","intrinsics":[548.5375366210938,548.5375366210938,360.24029541015625,258.30609130859375,0.0],"location":{"altitude":112.81932067871094,"altitudeAccuracy":2.9986329078674316,"heading":42.1795654296875,"headingAccuracy":4.983245849609375,"headingTimestamp":1696165088000.0,"latitude":51.446998596191406,"longitude":7.034745693206787,"positionAccuracy":4.983245849609375,"positionSource":"corelocation","positionTimestamp":1696165088000.0},"pose":[-0.019150331616401672,-0.046013765037059784,0.009280498139560223,-0.21301938593387604,0.027828872203826904,0.009255874902009964,0.9766076803207397],"pose4x4":[0.9982797503471375,0.0062225377187132835,-0.058299142867326736,0.0,-0.029934894293546677,0.9090741276741028,-0.4155575633049011,0.0,0.05041242018342018,0.4165878891944885,0.9076966047286987,0.0,-0.019150331616401672,-0.046013765037059784,0.009280498139560223,1.0],"resolution":[720,540],"sequence":11,"timestamp":1696165096.083,"tracking":2,"trackingReason":0},{"exposure":0.0,"image":"frame_00000012.jpg","intrinsics":[548.7571411132813,548.7571411132813,360.2583312988281,258.2801818847656,0.0],"location":{"altitude":112.81932067871094,"altitudeAccuracy":2.9986329078674316,"heading":42.1795654296875,"headingAccuracy":4.983245849609375,"headingTimestamp":1696165088000.0,"latitude":51.446998596191406,"longitude":7.034745693206787,"positionAccuracy":4.983245849609375,"positionSource":"corelocation","positionTimestamp":1696165088000.0},"pose":[-0.020234674215316772,-0.045557890087366104,0.009390756487846375,-0.21227751672267914,0.028513170778751373,0.009241398423910141,0.9767496585845947],"pose4x4":[0.9982032179832458,0.005947655998170376,-0.05962394177913666,0.0,-0.030158475041389465,0.9097056984901428,-0.4141570031642914,0.0,0.05177697539329529,0.4152109920978546,0.9082505106925964,0.0,-0.020234674215316772,-0.045557890087366104,0.009390756487846375,1.0],"resolution":[720,540],"sequence":12,"timestamp":1696165096.167,"tracking":2,"trackingReason":0},{"exposure":0.0,"image":"frame_00000013.jpg","intrinsics":[548.31787109375,548.31787109375,360.3014831542969,258.32342529296875,0.0],"location":{"altitude":112.81932067871094,"altitudeAccuracy":2.9986329078674316,"heading":42.1795654296875,"headingAccuracy":4.983245849609375,"headingTimestamp":1696165088000.0,"latitude":51.446998596191406,"longitude":7.034745693206787,"positionAccuracy":4.983245849609375,"positionSource":"corelocation","positionTimestamp":1696165088000.0},"pose":[-0.021003566682338715,-0.04507431387901306,0.009097283706068993,-0.21132998168468475,0.028590727597475052,0.009220539592206478,0.9769530296325684],"pose4x4":[0.9981951117515564,0.005931911990046501,-0.05976074934005737,0.0,-0.030100224539637566,0.9105092287063599,-0.41239169239997864,0.0,0.05196644365787506,0.4134461581707001,0.9090444445610046,0.0,-0.021003566682338715,-0.04507431387901306,0.009097283706068993,1.0],"resolution":[720,540],"sequence":13,"timestamp":1696165096.25,"tracking":2,"trackingReason":0},{"exposure":0.0,"image":"frame_00000014.jpg","intrinsics":[548.31787109375,548.31787109375,360.30474853515625,258.2337646484375,0.0],"location":{"altitude":112.81932067871094,"altitudeAccuracy":2.9986329078674316,"heading":42.1795654296875,"headingAccuracy":4.983245849609375,"headingTimestamp":1696165088000.0,"latitude":51.446998596191406,"longitude":7.034745693206787,"positionAccuracy":4.983245849609375,"positionSource":"corelocation","positionTimestamp":1696165088000.0},"pose":[-0.021837245672941208,-0.044803645461797714,0.008520018309354782,-0.2113313376903534,0.028514215722680092,0.008553369902074337,0.9769610166549683],"pose4x4":[0.9982275366783142,0.004660722799599171,-0.059329744428396225,0.0,-0.0287645123898983,0.9105318188667297,-0.41243717074394226,0.0,0.05209936574101448,0.4134127199649811,0.9090520143508911,0.0,-0.021837245672941208,-0.044803645461797714,0.008520018309354782,1.0],"resolution":[720,540],"sequence":14,"timestamp":1696165096.333,"tracking":2,"trackingReason":0},{"exposure":0.0,"image":"frame_00000015.jpg","intrinsics":[548.31787109375,548.31787109375,360.26202392578125,258.2851867675781,0.0],"location":{"altitude":112.81932067871094,"altitudeAccuracy":2.9986329078674316,"heading":42.1795654296875,"headingAccuracy":4.983245849609375,"headingTimestamp":1696165088000.0,"latitude":51.446998596191406,"longitude":7.034745693206787,"positionAccuracy":4.983245849609375,"positionSource":"corelocation","positionTimestamp":1696165088000.0},"pose":[-0.02261052094399929,-0.044014617800712585,0.00787388626486063,-0.21171727776527405,0.0274756271392107,0.0077489265240728855,0.9769139289855957],"pose4x4":[0.9983701109886169,0.0035059386864304543,-0.056963808834552765,0.0,-0.026774197816848755,0.9102314710617065,-0.41323330998420715,0.0,0.0504014790058136,0.41408494114875793,0.9088417887687683,0.0,-0.02261052094399929,-0.044014617800712585,0.00787388626486063,1.0],"resolution":[720,540],"sequence":15,"timestamp":1696165096.433,"tracking":2,"trackingReason":0},{"exposure":0.0,"image":"frame_00000016.jpg","intrinsics":[548.5375366210938,548.5375366210938,360.26190185546875,258.276611328125,0.0],"location":{"altitude":112.81932067871094,"altitudeAccuracy":2.9986329078674316,"heading":42.1795654296875,"headingAccuracy":4.983245849609375,"headingTimestamp":1696165088000.0,"latitude":51.446998596191406,"longitude":7.034745693206787,"positionAccuracy":4.983245849609375,"positionSource":"corelocation","positionTimestamp":1696165088000.0},"pose":[-0.02246127277612686,-0.043741624802351,0.007886662147939205,-0.21194466948509216,0.027440156787633896,0.00741678336635232,0.976868212223053],"pose4x4":[0.9983840584754944,0.0028588492423295975,-0.05675473064184189,0.0,-0.02612202987074852,0.9100489020347595,-0.4136769771575928,0.0,0.05046693980693817,0.41449105739593506,0.9086530208587646,0.0,-0.02246127277612686,-0.043741624802351,0.007886662147939205,1.0],"resolution":[720,540],"sequence":16,"timestamp":1696165096.533,"tracking":2,"trackingReason":0},{"exposure":0.0,"image":"frame_00000017.jpg","intrinsics":[548.0982055664063,548.0982055664063,360.2925109863281,258.2723388671875,0.0],"location":{"altitude":112.81932067871094,"altitudeAccuracy":2.9986329078674316,"heading":42.1795654296875,"headingAccuracy":4.983245849609375,"headingTimestamp":1696165088000.0,"latitude":51.446998596191406,"longitude":7.034745693206787,"positionAccuracy":4.983245849609375,"positionSource":"corelocation","positionTimestamp":1696165088000.0},"pose":[-0.022272136062383652,-0.04446562007069588,0.006757710129022598,-0.2141348421573639,0.02687971293926239,0.007286626845598221,0.976406991481781],"pose4x4":[0.9984487891197205,0.002717660740017891,-0.05561172217130661,0.0,-0.02574119344353676,0.9081863164901733,-0.4177737832069397,0.0,0.04937043786048889,0.41855722665786743,0.9068474769592285,0.0,-0.022272136062383652,-0.04446562007069588,0.006757710129022598,1.0],"resolution":[720,540],"sequence":17,"timestamp":1696165096.633,"tracking":2,"trackingReason":0},{"exposure":0.0,"image":"frame_00000018.jpg","intrinsics":[548.5375366210938,548.5375366210938,360.2882385253906,258.30230712890625,0.0],"location":{"altitude":112.81932067871094,"altitudeAccuracy":2.9986329078674316,"heading":42.1795654296875,"headingAccuracy":4.983245849609375,"headingTimestamp":1696165088000.0,"latitude":51.446998596191406,"longitude":7.034745693206787,"positionAccuracy":4.983245849609375,"positionSource":"corelocation","positionTimestamp":1696165088000.0},"pose":[-0.021704934537410736,-0.04506004601716995,0.006064524874091148,-0.2149001508951187,0.02698362059891224,0.006427812855690718,0.9762420058250427],"pose4x4":[0.998461127281189,0.0009526340290904045,-0.055447764694690704,0.0,-0.024147771298885345,0.9075531959533691,-0.4192422032356262,0.0,0.04992241412401199,0.41993600130081177,0.9061796069145203,0.0,-0.021704934537410736,-0.04506004601716995,0.006064524874091148,1.0],"resolution":[720,540],"sequence":18,"timestamp":1696165096.733,"tracking":2,"trackingReason":0},{"exposure":0.0,"image":"frame_00000019.jpg","intrinsics":[548.31787109375,548.31787109375,360.2623291015625,258.3108825683594,0.0],"location":{"altitude":112.81932067871094,"altitudeAccuracy":2.9986329078674316,"heading":42.1795654296875,"headingAccuracy":4.983245849609375,"headingTimestamp":1696165088000.0,"latitude":51.446998596191406,"longitude":7.034745693206787,"positionAccuracy":4.983245849609375,"positionSource":"corelocation","positionTimestamp":1696165088000.0},"pose":[-0.02223147265613079,-0.0449887216091156,0.005924974102526903,-0.21462179720401764,0.026640063151717186,0.006894794758409262,0.9763095378875732],"pose4x4":[0.9984855651855469,0.0020278310403227806,-0.05497743934392929,0.0,-0.0248979851603508,0.90777987241745,-0.4187072813510895,0.0,0.049058347940444946,0.41944196820259094,0.9064555764198303,0.0,-0.02223147265613079,-0.0449887216091156,0.005924974102526903,1.0],"resolution":[720,540],"sequence":19,"timestamp":1696165096.833,"tracking":2,"trackingReason":0},{"exposure":0.0,"image":"frame_00000020.jpg","intrinsics":[548.5375366210938,548.5375366210938,360.21905517578125,258.3194580078125,0.0],"location":{"altitude":112.81932067871094,"altitudeAccuracy":2.9986329078674316,"heading":42.1795654296875,"headingAccuracy":4.983245849609375,"headingTimestamp":1696165088000.0,"latitude":51.446998596191406,"longitude":7.034745693206787,"positionAccuracy":4.983245849609375,"positionSource":"corelocation","positionTimestamp":1696165088000.0},"pose":[-0.02260345220565796,-0.04472542926669121,0.005817129276692867,-0.2143598347902298,0.026534097269177437,0.006378889083862305,0.9763734340667725],"pose4x4":[0.998510479927063,0.0010806657373905182,-0.05454912781715393,0.0,-0.0238320454955101,0.9080183506011963,-0.41825196146965027,0.0,0.049079619348049164,0.41892901062965393,0.9066916108131409,0.0,-0.02260345220565796,-0.04472542926669121,0.005817129276692867,1.0],"resolution":[720,540],"sequence":20,"timestamp":1696165096.933,"tracking":2,"trackingReason":0},{"exposure":0.0,"image":"frame_00000021.jpg","intrinsics":[548.31787109375,548.31787109375,360.21923828125,258.333740234375,0.0],"location":{"altitude":112.81932067871094,"altitudeAccuracy":2.9986329078674316,"heading":42.1795654296875,"headingAccuracy":4.983245849609375,"headingTimestamp":1696165088000.0,"latitude":51.446998596191406,"longitude":7.034745693206787,"positionAccuracy":4.983245849609375,"positionSource":"corelocation","positionTimestamp":1696165088000.0},"pose":[-0.02330622635781765,-0.04415277764201164,0.005575351417064667,-0.21396099030971527,0.02643098309636116,0.006206405349075794,0.9764648675918579],"pose4x4":[0.9985257387161255,0.0008102748543024063,-0.054273709654808044,0.0,-0.023431072011590004,0.9083643555641174,-0.41752269864082336,0.0,0.04896199703216553,0.41817888617515564,0.9070441722869873,0.0,-0.02330622635781765,-0.04415277764201164,0.005575351417064667,1.0],"resolution":[720,540],"sequence":21,"timestamp":1696165097.033,"tracking":2,"trackingReason":0},{"exposure":0.0,"image":"frame_00000022.jpg","intrinsics":[548.5375366210938,548.5375366210938,360.21905517578125,258.3192443847656,0.0],"location":{"altitude":112.81932067871094,"altitudeAccuracy":2.9986329078674316,"heading":42.1795654296875,"headingAccuracy":4.983245849609375,"headingTimestamp":1696165088000.0,"latitude":51.446998596191406,"longitude":7.034745693206787,"positionAccuracy":4.983245849609375,"positionSource":"corelocation","positionTimestamp":1696165088000.0},"pose":[-0.023582715541124344,-0.043905068188905716,0.005557732656598091,-0.21294043958187103,0.02677861973643303,0.006412143353372812,0.9766771197319031],"pose4x4":[0.9984835982322693,0.00112068559974432,-0.0550389401614666,0.0,-0.023929689079523087,0.9092305302619934,-0.41560471057891846,0.0,0.049577321857213974,0.4162915349006653,0.9078785181045532,0.0,-0.023582715541124344,-0.043905068188905716,0.005557732656598091,1.0],"resolution":[720,540],"sequence":22,"timestamp":1696165097.116,"tracking":2,"trackingReason":0},{"exposure":0.0,"image":"frame_00000023.jpg","intrinsics":[548.31787109375,548.31787109375,360.240478515625,258.29803466796875,0.0],"location":{"altitude":112.81932067871094,"altitudeAccuracy":2.9986329078674316,"heading":42.1795654296875,"headingAccuracy":4.983245849609375,"headingTimestamp":1696165088000.0,"latitude":51.446998596191406,"longitude":7.034745693206787,"positionAccuracy":4.983245849609375,"positionSource":"corelocation","positionTimestamp":1696165088000.0},"pose":[-0.023576870560646057,-0.0439346544444561,0.004918527789413929,-0.21316871047019958,0.02702309936285019,0.0064650108106434345,0.9766202569007874],"pose4x4":[0.9984558820724487,0.0011067623272538185,-0.05553888902068138,0.0,-0.02414868026971817,0.9090346097946167,-0.41602036356925964,0.0,0.050026338547468185,0.4167191684246063,0.9076577425003052,0.0,-0.023576870560646057,-0.0439346544444561,0.004918527789413929,1.0],"resolution":[720,540],"sequence":23,"timestamp":1696165097.2,"tracking":2,"trackingReason":0},{"exposure":0.0,"image":"frame_00000024.jpg","intrinsics":[548.31787109375,548.31787109375,360.2583312988281,258.2730407714844,0.0],"location":{"altitude":112.81932067871094,"altitudeAccuracy":2.9986329078674316,"heading":42.1795654296875,"headingAccuracy":4.983245849609375,"headingTimestamp":1696165088000.0,"latitude":51.446998596191406,"longitude":7.034745693206787,"positionAccuracy":4.983245849609375,"positionSource":"corelocation","positionTimestamp":1696165088000.0},"pose":[-0.02289816550910473,-0.0440787672996521,0.003542375285178423,-0.21379104256629944,0.027307551354169846,0.006851466838270426,0.9764736294746399],"pose4x4":[0.9984146952629089,0.001704334281384945,-0.056259773671627045,0.0,-0.02505677193403244,0.908492922782898,-0.4171484410762787,0.0,0.05040064454078674,0.4178968369960785,0.9070953726768494,0.0,-0.02289816550910473,-0.0440787672996521,0.003542375285178423,1.0],"resolution":[720,540],"sequence":24,"timestamp":1696165097.283,"tracking":2,"trackingReason":0},{"exposure":0.0,"image":"frame_00000025.jpg","intrinsics":[548.5375366210938,548.5375366210938,360.2359924316406,258.29345703125,0.0],"location":{"altitude":112.81932067871094,"altitudeAccuracy":2.9986329078674316,"heading":42.1795654296875,"headingAccuracy":4.983245849609375,"headingTimestamp":1696165088000.0,"latitude":51.446998596191406,"longitude":7.034745693206787,"positionAccuracy":4.983245849609375,"positionSource":"corelocation","positionTimestamp":1696165088000.0},"pose":[-0.022267594933509827,-0.044021669775247574,0.00304206321015954,-0.2133772075176239,0.027210302650928497,0.006497075315564871,0.9765692949295044],"pose4x4":[0.9984347820281982,0.0010775718837976456,-0.055918145924806595,0.0,-0.02430180460214615,0.9088559150695801,-0.4164016842842102,0.0,0.050372835248708725,0.41710883378982544,0.907459557056427,0.0,-0.022267594933509827,-0.044021669775247574,0.00304206321015954,1.0],"resolution":[720,540],"sequence":25,"timestamp":1696165097.366,"tracking":2,"trackingReason":0},{"exposure":0.0,"image":"frame_00000026.jpg","intrinsics":[548.31787109375,548.31787109375,360.2364196777344,258.3192443847656,0.0],"location":{"altitude":112.81932067871094,"altitudeAccuracy":2.9986329078674316,"heading":42.1795654296875,"headingAccuracy":4.983245849609375,"headingTimestamp":1696165088000.0,"latitude":51.446998596191406,"longitude":7.034745693206787,"positionAccuracy":4.983245849609375,"positionSource":"corelocation","positionTimestamp":1696165088000.0},"pose":[-0.021612655371427536,-0.04381803795695305,0.0026346396189182997,-0.2126060426235199,0.027179930359125137,0.006352466065436602,0.976739227771759],"pose4x4":[0.9984418153762817,0.0008521713316440582,-0.0557965524494648,0.0,-0.02396664023399353,0.9095166325569153,-0.41497600078582764,0.0,0.05039426311850548,0.4156666398048401,0.9081198573112488,0.0,-0.021612655371427536,-0.04381803795695305,0.0026346396189182997,1.0],"resolution":[720,540],"sequence":26,"timestamp":1696165097.466,"tracking":2,"trackingReason":0},{"exposure":0.0,"image":"frame_00000027.jpg","intrinsics":[548.31787109375,548.31787109375,360.2967834472656,258.2851867675781,0.0],"location":{"altitude":112.81932067871094,"altitudeAccuracy":2.9986329078674316,"heading":42.1795654296875,"headingAccuracy":4.983245849609375,"headingTimestamp":1696165088000.0,"latitude":51.446998596191406,"longitude":7.034745693206787,"positionAccuracy":4.983245849609375,"positionSource":"corelocation","positionTimestamp":1696165088000.0},"pose":[-0.02091176062822342,-0.044025518000125885,0.0021287179552018642,-0.21238800883293152,0.027142610400915146,0.006554083898663521,0.9767864346504211],"pose4x4":[0.9984406232833862,0.0012743500992655754,-0.055809084326028824,0.0,-0.0243334099650383,0.9096967577934265,-0.41455966234207153,0.0,0.050241049379110336,0.41527122259140015,0.9083092212677002,0.0,-0.02091176062822342,-0.044025518000125885,0.0021287179552018642,1.0],"resolution":[720,540],"sequence":27,"timestamp":1696165097.566,"tracking":2,"trackingReason":0},{"exposure":0.0,"image":"frame_00000028.jpg","intrinsics":[548.31787109375,548.31787109375,360.21417236328125,258.2723388671875,0.0],"location":{"altitude":112.81932067871094,"altitudeAccuracy":2.9986329078674316,"heading":42.1795654296875,"headingAccuracy":4.983245849609375,"headingTimestamp":1696165088000.0,"latitude":51.446998596191406,"longitude":7.034745693206787,"positionAccuracy":4.983245849609375,"positionSource":"corelocation","positionTimestamp":1696165088000.0},"pose":[-0.020196042954921722,-0.04429548606276512,0.0018116626888513565,-0.2121277153491974,0.027157120406627655,0.006625597830861807,0.9768420457839966],"pose4x4":[0.9984371662139893,0.0014227693900465965,-0.055867381393909454,0.0,-0.024465881288051605,0.9099158644676208,-0.41407066583633423,0.0,0.050245486199855804,0.41479039192199707,0.9085286259651184,0.0,-0.020196042954921722,-0.04429548606276512,0.0018116626888513565,1.0],"resolution":[720,540],"sequence":28,"timestamp":1696165097.666,"tracking":2,"trackingReason":0},{"exposure":0.0,"image":"frame_00000029.jpg","intrinsics":[548.5375366210938,548.5375366210938,360.207763671875,258.280029296875,0.0],"location":{"altitude":112.81932067871094,"altitudeAccuracy":2.9986329078674316,"heading":42.1795654296875,"headingAccuracy":4.983245849609375,"headingTimestamp":1696165088000.0,"latitude":51.446998596191406,"longitude":7.034745693206787,"positionAccuracy":4.983245849609375,"positionSource":"corelocation","positionTimestamp":1696165088000.0},"pose":[-0.02003823220729828,-0.04428722709417343,0.0017045557033270597,-0.21154791116714478,0.026918252930045128,0.006451366003602743,0.9769755601882935],"pose4x4":[0.9984675645828247,0.001216653734445572,-0.055326495319604874,0.0,-0.023994654417037964,0.9104117155075073,-0.4130069613456726,0.0,0.049867402762174606,0.413701593875885,0.9090457558631897,0.0,-0.02003823220729828,-0.04428722709417343,0.0017045557033270597,1.0],"resolution":[720,540],"sequence":29,"timestamp":1696165097.766,"tracking":2,"trackingReason":0},{"exposure":0.0,"image":"frame_00000030.jpg","intrinsics":[548.31787109375,548.31787109375,360.2548522949219,258.2908935546875,0.0],"location":{"altitude":112.81932067871094,"altitudeAccuracy":2.9986329078674316,"heading":42.1795654296875,"headingAccuracy":4.983245849609375,"headingTimestamp":1696165088000.0,"latitude":51.446998596191406,"longitude":7.034745693206787,"positionAccuracy":4.983245849609375,"positionSource":"corelocation","positionTimestamp":1696165088000.0},"pose":[-0.01993885636329651,-0.044441867619752884,0.001810345333069563,-0.2113393098115921,0.02682982012629509,0.006074510980397463,0.97702556848526],"pose4x4":[0.9984865188598633,0.0005295146256685257,-0.054994408041238785,0.0,-0.023210296407341957,0.910597562789917,-0.41264188289642334,0.0,0.04985927417874336,0.4132937788963318,0.9092317223548889,0.0,-0.01993885636329651,-0.044441867619752884,0.001810345333069563,1.0],"resolution":[720,540],"sequence":30,"timestamp":1696165097.866,"tracking":2,"trackingReason":0},{"exposure":0.0,"image":"frame_00000031.jpg","intrinsics":[548.5375366210938,548.5375366210938,360.24713134765625,258.248046875,0.0],"location":{"altitude":112.81932067871094,"altitudeAccuracy":2.9986329078674316,"heading":42.1795654296875,"headingAccuracy":4.983245849609375,"headingTimestamp":1696165088000.0,"latitude":51.446998596191406,"longitude":7.034745693206787,"positionAccuracy":4.983245849609375,"positionSource":"corelocation","positionTimestamp":1696165088000.0},"pose":[-0.020154479891061783,-0.04463581740856171,0.0025652816984802485,-0.2115848809480667,0.027829019352793694,0.006317406427115202,0.9769428968429565],"pose4x4":[0.9983712434768677,0.0005670906975865364,-0.05704805999994278,0.0,-0.024119891226291656,0.9103838801383972,-0.41306108236312866,0.0,0.051701389253139496,0.4137642979621887,0.9089147448539734,0.0,-0.020154479891061783,-0.04463581740856171,0.0025652816984802485,1.0],"resolution":[720,540],"sequence":31,"timestamp":1696165097.966,"tracking":2,"trackingReason":0},{"exposure":0.0,"image":"frame_00000032.jpg","intrinsics":[548.31787109375,548.31787109375,360.239990234375,258.25518798828125,0.0],"location":{"altitude":112.81932067871094,"altitudeAccuracy":2.9986329078674316,"heading":42.1795654296875,"headingAccuracy":4.983245849609375,"headingTimestamp":1696165088000.0,"latitude":51.446998596191406,"longitude":7.034745693206787,"positionAccuracy":4.983245849609375,"positionSource":"corelocation","positionTimestamp":1696165088000.0},"pose":[-0.020204201340675354,-0.04451771825551987,0.0029158294200897217,-0.21114027500152588,0.027875179424881935,0.006272665690630674,0.9770380854606628],"pose4x4":[0.9983672499656677,0.0004861205816268921,-0.05711904913187027,0.0,-0.024028412997722626,0.9107608795166016,-0.41223448514938354,0.0,0.05182139575481415,0.412933886051178,0.9092855453491211,0.0,-0.020204201340675354,-0.04451771825551987,0.0029158294200897217,1.0],"resolution":[720,540],"sequence":32,"timestamp":1696165098.066,"tracking":2,"trackingReason":0},{"exposure":0.0,"image":"frame_00000033.jpg","intrinsics":[548.5375366210938,548.5375366210938,360.2184753417969,258.2765197753906,0.0],"location":{"altitude":112.81932067871094,"altitudeAccuracy":2.9986329078674316,"heading":42.1795654296875,"headingAccuracy":4.983245849609375,"headingTimestamp":1696165088000.0,"latitude":51.446998596191406,"longitude":7.034745693206787,"positionAccuracy":4.983245849609375,"positionSource":"corelocation","positionTimestamp":1696165088000.0},"pose":[-0.019936680793762207,-0.044517043977975845,0.0033081588335335255,-0.2107216715812683,0.0278751403093338,0.005842279177159071,0.9771311283111572],"pose4x4":[0.9983776807785034,-0.0003304462879896164,-0.05693752318620682,0.0,-0.023165138438344002,0.9111244678497314,-0.4114797115325928,0.0,0.05201314389705658,0.412131130695343,0.9096387028694153,0.0,-0.019936680793762207,-0.044517043977975845,0.0033081588335335255,1.0],"resolution":[720,540],"sequence":33,"timestamp":1696165098.149,"tracking":2,"trackingReason":0},{"exposure":0.0,"image":"frame_00000034.jpg","intrinsics":[548.31787109375,548.31787109375,360.2224426269531,258.238037109375,0.0],"location":{"altitude":112.81932067871094,"altitudeAccuracy":2.9986329078674316,"heading":42.1795654296875,"headingAccuracy":4.983245849609375,"headingTimestamp":1696165088000.0,"latitude":51.446998596191406,"longitude":7.034745693206787,"positionAccuracy":4.983245849609375,"positionSource":"corelocation","positionTimestamp":1696165088000.0},"pose":[-0.01942213997244835,-0.04487196356058121,0.0035671412479132414,-0.21095243096351624,0.028037359938025475,0.0057455627247691154,0.9770772457122803],"pose4x4":[0.9983617663383484,-0.0006013810634613037,-0.05721341446042061,0.0,-0.023056816309690475,0.9109321236610413,-0.4119114577770233,0.0,0.0523652546107769,0.41255584359169006,0.9094259738922119,0.0,-0.01942213997244835,-0.04487196356058121,0.0035671412479132414,1.0],"resolution":[720,540],"sequence":34,"timestamp":1696165098.233,"tracking":2,"trackingReason":0},{"exposure":0.0,"image":"frame_00000035.jpg","intrinsics":[548.31787109375,548.31787109375,360.20355224609375,258.2337646484375,0.0],"location":{"altitude":112.81932067871094,"altitudeAccuracy":2.9986329078674316,"heading":42.1795654296875,"headingAccuracy":4.983245849609375,"headingTimestamp":1696165088000.0,"latitude":51.446998596191406,"longitude":7.034745693206787,"positionAccuracy":4.983245849609375,"positionSource":"corelocation","positionTimestamp":1696165088000.0},"pose":[-0.019086387008428574,-0.04487813636660576,0.003908460959792137,-0.2103196233510971,0.027925288304686546,0.005549175664782524,0.9772180318832397],"pose4x4":[0.9983787536621094,-0.0009009633213281631,-0.056912388652563095,0.0,-0.022591982036828995,0.9114696979522705,-0.41074633598327637,0.0,0.05224398896098137,0.41136616468429565,0.9099716544151306,0.0,-0.019086387008428574,-0.04487813636660576,0.003908460959792137,1.0],"resolution":[720,540],"sequence":35,"timestamp":1696165098.316,"tracking":2,"trackingReason":0},{"exposure":0.0,"image":"frame_00000036.jpg","intrinsics":[548.31787109375,548.31787109375,360.2039489746094,258.2623291015625,0.0],"location":{"altitude":112.81932067871094,"altitudeAccuracy":2.9986329078674316,"heading":42.1795654296875,"headingAccuracy":4.983245849609375,"headingTimestamp":1696165088000.0,"latitude":51.446998596191406,"longitude":7.034745693206787,"positionAccuracy":4.983245849609375,"positionSource":"corelocation","positionTimestamp":1696165088000.0},"pose":[-0.018529385328292847,-0.04458871856331825,0.0037210145965218544,-0.2100648283958435,0.02799467369914055,0.005239452235400677,0.9772725105285645],"pose4x4":[0.9983776807785034,-0.0015206467360258102,-0.05691809952259064,0.0,-0.022002138197422028,0.9116906523704529,-0.4102878272533417,0.0,0.052515603601932526,0.41087451577186584,0.9101781249046326,0.0,-0.018529385328292847,-0.04458871856331825,0.0037210145965218544,1.0],"resolution":[720,540],"sequence":36,"timestamp":1696165098.399,"tracking":2,"trackingReason":0},{"exposure":0.0,"image":"frame_00000037.jpg","intrinsics":[548.0982055664063,548.0982055664063,360.2470703125,258.248046875,0.0],"location":{"altitude":112.81932067871094,"altitudeAccuracy":2.9986329078674316,"heading":42.1795654296875,"headingAccuracy":4.983245849609375,"headingTimestamp":1696165088000.0,"latitude":51.446998596191406,"longitude":7.034745693206787,"positionAccuracy":4.983245849609375,"positionSource":"corelocation","positionTimestamp":1696165088000.0},"pose":[-0.01771768182516098,-0.04460674524307251,0.003919846843928099,-0.20986545085906982,0.028204182162880898,0.004934552125632763,0.9773109555244446],"pose4x4":[0.9983603358268738,-0.002192983403801918,-0.05719969421625137,0.0,-0.021483350545167923,0.9118642807006836,-0.4099292457103729,0.0,0.05305732786655426,0.4104859530925751,0.9103220105171204,0.0,-0.01771768182516098,-0.04460674524307251,0.003919846843928099,1.0],"resolution":[720,540],"sequence":37,"timestamp":1696165098.499,"tracking":2,"trackingReason":0},{"exposure":0.0,"image":"frame_00000038.jpg","intrinsics":[548.31787109375,548.31787109375,360.26141357421875,258.2337646484375,0.0],"location":{"altitude":112.81932067871094,"altitudeAccuracy":2.9986329078674316,"heading":42.1795654296875,"headingAccuracy":4.983245849609375,"headingTimestamp":1696165088000.0,"latitude":51.446998596191406,"longitude":7.034745693206787,"positionAccuracy":4.983245849609375,"positionSource":"corelocation","positionTimestamp":1696165088000.0},"pose":[-0.016980228945612907,-0.0449221096932888,0.004434471018612385,-0.20989367365837097,0.027719423174858093,0.004944988992065191,0.9773187041282654],"pose4x4":[0.9984143376350403,-0.001970602199435234,-0.05625726655125618,0.0,-0.02130192331969738,0.9118403792381287,-0.4099918603897095,0.0,0.052105579525232315,0.4105401635169983,0.9103525876998901,0.0,-0.016980228945612907,-0.0449221096932888,0.004434471018612385,1.0],"resolution":[720,540],"sequence":38,"timestamp":1696165098.599,"tracking":2,"trackingReason":0},{"exposure":0.0,"image":"frame_00000039.jpg","intrinsics":[548.31787109375,548.31787109375,360.1783752441406,258.2444763183594,0.0],"location":{"altitude":112.81932067871094,"altitudeAccuracy":2.9986329078674316,"heading":42.1795654296875,"headingAccuracy":4.983245849609375,"headingTimestamp":1696165088000.0,"latitude":51.446998596191406,"longitude":7.034745693206787,"positionAccuracy":4.983245849609375,"positionSource":"corelocation","positionTimestamp":1696165088000.0},"pose":[-0.016301587224006653,-0.044950857758522034,0.005090748891234398,-0.2100011110305786,0.02755073271691799,0.004520026966929436,0.9773024320602417],"pose4x4":[0.