{"cameras":[{"camera":{"cx":360.14434814453125,"cy":258.3890075683594,"fx":545.9017944335938,"fy":545.9017944335938,"height":540,"k1":0,"k2":0,"k3":0,"p1":0,"p2":0,"width":720},"frames":[{"adjusted":false,"compass":329.626708984375,"extrinsics":[0.972937822341919,-0.013922616839408875,-0.2306467741727829,0.7387325167655945,0.16521745920181274,-0.6559164524078369,0.7365303039550781,-8.224349021911621,-0.1615394800901413,-0.7547051310539246,-0.6358657479286194,7.254128932952881,-0.0,0.0,-0.0,1.0],"filename":"frame_00000000.jpg","index":0,"latitude":51.22719192504883,"longitude":6.699087619781494,"selected":true,"timestamp":"2023-08-14T10:54:57.000+02:00","tracking_state":"good"},{"adjusted":false,"compass":329.626708984375,"extrinsics":[0.9732847213745117,-0.014576967805624008,-0.2291385680437088,0.7215720415115356,0.16304552555084229,-0.65877765417099,0.7344578504562378,-8.198034286499023,-0.16165757179260254,-0.7521964907646179,-0.6388015747070313,7.287339687347412,-0.0,0.0,-0.0,1.000000238418579],"filename":"frame_00000001.jpg","index":1,"latitude":51.22719192504883,"longitude":6.699087619781494,"selected":true,"timestamp":"2023-08-14T10:54:57.049+02:00","tracking_state":"good"},{"adjusted":false,"compass":329.626708984375,"extrinsics":[0.9736963510513306,-0.015523768961429596,-0.22731944918632507,0.7013012766838074,0.16042926907539368,-0.6617370843887329,0.7323704361915588,-8.170373916625977,-0.16179485619068146,-0.7495751976966858,-0.6418406367301941,7.322146892547607,-0.0,0.0,-0.0,1.0],"filename":"frame_00000002.jpg","index":2,"latitude":51.22719192504883,"longitude":6.699087619781494,"selected":true,"timestamp":"2023-08-14T10:54:57.099+02:00","tracking_state":"good"},{"adjusted":false,"compass":329.626708984375,"extrinsics":[0.9741908311843872,-0.01570081152021885,-0.2251790165901184,0.6767145991325378,0.15802086889743805,-0.6649205088615417,0.7300069332122803,-8.139762878417969,-0.16118782758712769,-0.7467491030693054,-0.6452784538269043,7.359854221343994,-0.0,0.0,-0.0,1.0000001192092896],"filename":"frame_00000003.jpg","index":3,"latitude":51.22719192504883,"longitude":6.699087619781494,"selected":true,"timestamp":"2023-08-14T10:54:57.149+02:00","tracking_state":"good"},{"adjusted":false,"compass":330.67926025390625,"extrinsics":[0.9746907949447632,-0.015684887766838074,-0.2230057418346405,0.6522818207740784,0.15543308854103088,-0.6694279313087463,0.7264342904090881,-8.095519065856934,-0.1606803685426712,-0.7427114248275757,-0.6500474214553833,7.412449359893799,-0.0,0.0,-0.0,1.0],"filename":"frame_00000004.jpg","index":4,"latitude":51.22719192504883,"longitude":6.699087619781494,"selected":true,"timestamp":"2023-08-14T10:54:57.199+02:00","tracking_state":"good"},{"adjusted":false,"compass":330.67926025390625,"extrinsics":[0.975243091583252,-0.016002029180526733,-0.22055503726005554,0.6249490976333618,0.15219180285930634,-0.6750202775001526,0.7219316363334656,-8.04040813446045,-0.16043150424957275,-0.7376256585121155,-0.6558735370635986,7.477543354034424,-0.0,0.0,-0.0,1.0],"filename":"frame_00000005.jpg","index":5,"latitude":51.227195739746094,"longitude":6.6990838050842285,"selected":true,"timestamp":"2023-08-14T10:54:57.249+02:00","tracking_state":"good"},{"adjusted":false,"compass":330.67926025390625,"extrinsics":[0.9759855270385742,-0.015802595764398575,-0.217261403799057,0.5879294872283936,0.1485646516084671,-0.6811343431472778,0.7169273495674133,-7.978213310241699,-0.15931354463100433,-0.7319880127906799,-0.6624296307563782,7.548855781555176,-0.0,0.0,-0.0,1.0000001192092896],"filename":"frame_00000006.jpg","index":6,"latitude":51.227195739746094,"longitude":6.6990838050842285,"selected":true,"timestamp":"2023-08-14T10:54:57.299+02:00","tracking_state":"good"},{"adjusted":false,"compass":330.67926025390625,"extrinsics":[0.9766072034835815,-0.015226760879158974,-0.2144910991191864,0.5561871528625488,0.14549656212329865,-0.6876813173294067,0.7112842202186584,-7.9101033210754395,-0.15833203494548798,-0.7258530855178833,-0.6693791151046753,7.623922348022461,-0.0,0.0,-0.0,1.0000001192092896],"filename":"frame_00000007.jpg","index":7,"latitude":51.227195739746094,"longitude":6.6990838050842285,"selected":true,"timestamp":"2023-08-14T10:54:57.349+02:00","tracking_state":"good"},{"adjusted":false,"compass":330.67926025390625,"extrinsics":[0.9772111773490906,-0.014619797468185425,-0.21176493167877197,0.5252576470375061,0.1423807144165039,-0.6947720050811768,0.7049961686134338,-7.83430290222168,-0.15743526816368103,-0.7190814018249512,-0.6768575310707092,7.705854892730713,-0.0,0.0,-0.0,1.0000001192092896],"filename":"frame_00000008.jpg","index":8,"latitude":51.227195739746094,"longitude":6.6990838050842285,"selected":true,"timestamp":"2023-08-14T10:54:57.399+02:00","tracking_state":"good"},{"adjusted":false,"compass":330.67926025390625,"extrinsics":[0.977769136428833,-0.01432298868894577,-0.2091938704252243,0.4962272644042969,0.13902747631072998,-0.7025572657585144,0.6979145407676697,-7.748890399932861,-0.1569669395685196,-0.7114830017089844,-0.684947669506073,7.795601844787598,-0.0,0.0,-0.0,1.0],"filename":"frame_00000009.jpg","index":9,"latitude":51.227195739746094,"longitude":6.6990838050842285,"selected":true,"timestamp":"2023-08-14T10:54:57.449+02:00","tracking_state":"good"},{"adjusted":false,"compass":330.67926025390625,"extrinsics":[0.9781768321990967,-0.014678694307804108,-0.20725464820861816,0.47429394721984863,0.1356143206357956,-0.7106167078018188,0.6903858780860901,-7.658360958099365,-0.15741263329982758,-0.70342618227005,-0.6931182146072388,7.887665748596191,-0.0,0.0,-0.0,1.0],"filename":"frame_00000010.jpg","index":10,"latitude":51.227195739746094,"longitude":6.6990838050842285,"selected":true,"timestamp":"2023-08-14T10:54:57.499+02:00","tracking_state":"good"},{"adjusted":false,"compass":330.67926025390625,"extrinsics":[0.9783082008361816,-0.01569254696369171,-0.20655909180641174,0.46629899740219116,0.13282452523708344,-0.7176625728607178,0.6836066842079163,-7.57745361328125,-0.1589672863483429,-0.6962141394615173,-0.7000108957290649,7.967379570007324,-0.0,0.0,-0.0,1.0],"filename":"frame_00000011.jpg","index":11,"latitude":51.227195739746094,"longitude":6.6990838050842285,"selected":true,"timestamp":"2023-08-14T10:54:57.549+02:00","tracking_state":"good"},{"adjusted":false,"compass":330.67926025390625,"extrinsics":[0.9784061312675476,-0.01568775624036789,-0.20609493553638458,0.4612451195716858,0.1305789053440094,-0.7260143160820007,0.6751682758331299,-7.478869438171387,-0.16021977365016937,-0.6875005960464478,-0.7082884907722473,8.06164836883545,-0.0,0.0,-0.0,1.0],"filename":"frame_00000012.jpg","index":12,"latitude":51.227195739746094,"longitude":6.6990838050842285,"selected":true,"timestamp":"2023-08-14T10:54:57.599+02:00","tracking_state":"good"},{"adjusted":false,"compass":331.685302734375,"extrinsics":[0.9784460663795471,-0.01584492065012455,-0.20589345693588257,0.4584912061691284,0.12837250530719757,-0.7343134880065918,0.6665616035461426,-7.378593921661377,-0.16175195574760437,-0.6786257028579712,-0.7164520621299744,8.15472412109375,-0.0,0.0,-0.0,1.0000001192092896],"filename":"frame_00000013.jpg","index":13,"latitude":51.227195739746094,"longitude":6.6990838050842285,"selected":true,"timestamp":"2023-08-14T10:54:57.649+02:00","tracking_state":"good"},{"adjusted":false,"compass":331.685302734375,"extrinsics":[0.9784287214279175,-0.016767023131251335,-0.20590239763259888,0.4591038227081299,0.12561732530593872,-0.7429767847061157,0.6574235558509827,-7.271259784698486,-0.16400378942489624,-0.6691070795059204,-0.7248437404632568,8.251951217651367,-0.0,0.0,-0.0,1.0000001192092896],"filename":"frame_00000014.jpg","index":14,"latitude":51.227195739746094,"longitude":6.6990838050842285,"selected":true,"timestamp":"2023-08-14T10:54:57.699+02:00","tracking_state":"good"},{"adjusted":false,"compass":331.685302734375,"extrinsics":[0.9784015417098999,-0.016263656318187714,-0.2060726135969162,0.46175551414489746,0.12389170378446579,-0.751876950263977,0.6475583910942078,-7.1582136154174805,-0.16547298431396484,-0.6591028571128845,-0.733622670173645,8.351296424865723,-0.0,0.0,-0.0,1.0000001192092896],"filename":"frame_00000015.jpg","index":15,"latitude":51.227195739746094,"longitude":6.6990838050842285,"selected":true,"timestamp":"2023-08-14T10:54:57.749+02:00","tracking_state":"good"},{"adjusted":false,"compass":331.685302734375,"extrinsics":[0.9783341884613037,-0.014500988647341728,-0.206522598862648,0.4674813151359558,0.12338323891162872,-0.7601998448371887,0.6378656625747681,-7.049022674560547,-0.16624815762043,-0.649527370929718,-0.7419404983520508,8.444537162780762,-0.0,0.0,-0.0,1.0000001192092896],"filename":"frame_00000016.jpg","index":16,"latitude":51.227195739746094,"longitude":6.6990838050842285,"selected":true,"timestamp":"2023-08-14T10:54:57.799+02:00","tracking_state":"good"},{"adjusted":false,"compass":331.685302734375,"extrinsics":[0.978197455406189,-0.012806834653019905,-0.20728160440921783,0.47693783044815063,0.12318156659603119,-0.767786979675293,0.6287523508071899,-6.94640588760376,-0.16720041632652283,-0.6405773162841797,-0.7494696378707886,8.529335021972656,-0.0,0.0,-0.0,1.0000001192092896],"filename":"frame_00000017.jpg","index":17,"latitude":51.227195739746094,"longitude":6.6990838050842285,"selected":true,"timestamp":"2023-08-14T10:54:57.849+02:00","tracking_state":"good"},{"adjusted":false,"compass":331.685302734375,"extrinsics":[0.9776581525802612,-0.012323414906859398,-0.20983892679214478,0.5068016052246094,0.12324115633964539,-0.7750933170318604,0.6197110414505005,-6.844982147216797,-0.17028175294399261,-0.6317265033721924,-0.7562577724456787,8.610377311706543,-0.0,0.0,-0.0,1.0],"filename":"frame_00000018.jpg","index":18,"latitude":51.227195739746094,"longitude":6.6990838050842285,"selected":true,"timestamp":"2023-08-14T10:54:57.899+02:00","tracking_state":"good"},{"adjusted":false,"compass":331.685302734375,"extrinsics":[0.9772647023200989,-0.01102896872907877,-0.2117358297109604,0.5290969610214233,0.12325362861156464,-0.7830202579498291,0.6096621751785278,-6.733149528503418,-0.172517329454422,-0.6218984723091125,-0.7638587355613708,8.698460578918457,-0.0,0.0,-0.0,1.0000001192092896],"filename":"frame_00000019.jpg","index":19,"latitude":51.227195739746094,"longitude":6.6990838050842285,"selected":true,"timestamp":"2023-08-14T10:54:57.949+02:00","tracking_state":"good"},{"adjusted":false,"compass":331.685302734375,"extrinsics":[0.9771518707275391,-0.009537936188280582,-0.212327778339386,0.5367164015769958,0.12251219153404236,-0.7910585403442383,0.5993473529815674,-6.6163129806518555,-0.17368021607398987,-0.6116661429405212,-0.7718159556388855,8.788252830505371,-0.0,0.0,-0.0,1.0000001192092896],"filename":"frame_00000020.jpg","index":20,"latitude":51.227195739746094,"longitude":6.6990838050842285,"selected":true,"timestamp":"2023-08-14T10:54:57.999+02:00","tracking_state":"good"},{"adjusted":false,"compass":331.685302734375,"extrinsics":[0.9771013259887695,-0.008443862199783325,-0.21260635554790497,0.5404202938079834,0.12117888033390045,-0.7992470264434814,0.5886594653129578,-6.494462490081787,-0.17489556968212128,-0.6009434461593628,-0.7799221873283386,8.879217147827148,-0.0,0.0,-0.0,1.0000001192092896],"filename":"frame_00000021.jpg","index":21,"latitude":51.227195739746094,"longitude":6.6990838050842285,"selected":true,"timestamp":"2023-08-14T10:54:58.049+02:00","tracking_state":"good"},{"adjusted":false,"compass":331.685302734375,"extrinsics":[0.9768394827842712,-0.007673089392483234,-0.21383510529994965,0.5546039342880249,0.12056555598974228,-0.8058724403381348,0.579683780670166,-6.392513275146484,-0.17677181959152222,-0.5920392274856567,-0.7862830758094788,8.952499389648438,-0.0,0.0,-0.0,1.0],"filename":"frame_00000022.jpg","index":22,"latitude":51.227195739746094,"longitude":6.6990838050842285,"selected":true,"timestamp":"2023-08-14T10:54:58.099+02:00","tracking_state":"good"},{"adjusted":false,"compass":331.685302734375,"extrinsics":[0.9765403270721436,-0.007888437248766422,-0.21519021689891815,0.5704964399337769,0.11928977072238922,-0.8121578097343445,0.5711127519607544,-6.293638229370117,-0.1792735606431961,-0.58338463306427,-0.7921638488769531,9.021677017211914,-0.0,0.0,-0.0,1.0000001192092896],"filename":"frame_00000023.jpg","index":23,"latitude":51.227195739746094,"longitude":6.6990838050842285,"selected":true,"timestamp":"2023-08-14T10:54:58.149+02:00","tracking_state":"good"},{"adjusted":false,"compass":331.685302734375,"extrinsics":[0.9765677452087402,-0.00839630514383316,-0.21504557132720947,0.569633960723877,0.11655202507972717,-0.8193782567977905,0.5612795948982239,-6.177978992462158,-0.18091636896133423,-0.5731916427612305,-0.7991999983787537,9.101872444152832,-0.0,0.0,-0.0,1.0000001192092896],"filename":"frame_00000024.jpg","index":24,"latitude":51.227195739746094,"longitude":6.6990838050842285,"selected":true,"timestamp":"2023-08-14T10:54:58.199+02:00","tracking_state":"good"},{"adjusted":false,"compass":331.685302734375,"extrinsics":[0.9769099950790405,-0.008256321772933006,-0.21349073946475983,0.5523779988288879,0.11306677758693695,-0.8278756141662598,0.5493976473808289,-6.038510799407959,-0.18127982318401337,-0.5608507990837097,-0.807826578617096,9.1971435546875,-0.0,0.0,-0.0,1.0],"filename":"frame_00000025.jpg","index":25,"latitude":51.227195739746094,"longitude":6.6990838050842285,"selected":true,"timestamp":"2023-08-14T10:54:58.249+02:00","tracking_state":"good"},{"adjusted":false,"compass":331.685302734375,"extrinsics":[0.9771966338157654,-0.007416710257530212,-0.21220622956752777,0.5384860038757324,0.11029721796512604,-0.8362510800361633,0.5371392965316772,-5.895824909210205,-0.18144142627716064,-0.5482965111732483,-0.8163638710975647,9.290678024291992,-0.0,0.0,-0.0,1.0000001192092896],"filename":"frame_00000026.jpg","index":26,"latitude":51.227195739746094,"longitude":6.6990838050842285,"selected":true,"timestamp":"2023-08-14T10:54:58.299+02:00","tracking_state":"good"},{"adjusted":false,"compass":331.685302734375,"extrinsics":[0.9773479104042053,-0.0064133936539292336,-0.211542010307312,0.5309901833534241,0.10799886286258698,-0.8444899320602417,0.5245695114135742,-5.750511169433594,-0.18200936913490295,-0.5355331897735596,-0.8246678113937378,9.381863594055176,-0.0,0.0,-0.0,1.0000001192092896],"filename":"frame_00000027.jpg","index":27,"latitude":51.227195739746094,"longitude":6.6990838050842285,"selected":true,"timestamp":"2023-08-14T10:54:58.349+02:00","tracking_state":"good"},{"adjusted":false,"compass":331.685302734375,"extrinsics":[0.9773484468460083,-0.005694523919373751,-0.21155986189842224,0.5316696166992188,0.10596839338541031,-0.8521345853805542,0.5124816298484802,-5.610697269439697,-0.1831957995891571,-0.5232917666435242,-0.83222895860672,9.466527938842773,-0.0,0.0,-0.0,1.0000001192092896],"filename":"frame_00000028.jpg","index":28,"latitude":51.227195739746094,"longitude":6.6990838050842285,"selected":true,"timestamp":"2023-08-14T10:54:58.399+02:00","tracking_state":"good"},{"adjusted":false,"compass":331.685302734375,"extrinsics":[0.9772639274597168,-0.004945674445480108,-0.2119685858488083,0.5371897220611572,0.10410848259925842,-0.8597202301025391,0.5000426173210144,-5.467611789703369,-0.18470679223537445,-0.5107414126396179,-0.8396587371826172,9.550554275512695,-0.0,0.0,-0.0,1.0000001192092896],"filename":"frame_00000029.jpg","index":29,"latitude":51.227195739746094,"longitude":6.6990838050842285,"selected":true,"timestamp":"2023-08-14T10:54:58.449+02:00","tracking_state":"good"},{"adjusted":false,"compass":331.685302734375,"extrinsics":[0.9769999384880066,-0.0035726879723370075,-0.21320953965187073,0.551522433757782,0.1033417135477066,-0.8666650652885437,0.48806992173194885,-5.33164644241333,-0.18652503192424774,-0.49887779355049133,-0.8463625311851501,9.627113342285156,-0.0,0.0,-0.0,1.0000001192092896],"filename":"frame_00000030.jpg","index":30,"latitude":51.227195739746094,"longitude":6.6990838050842285,"selected":true,"timestamp":"2023-08-14T10:54:58.499+02:00","tracking_state":"good"},{"adjusted":false,"compass":331.685302734375,"extrinsics":[0.9765295386314392,-0.0031699463725090027,-0.21535968780517578,0.5756196975708008,0.10237917304039001,-0.8728777766227722,0.4770774841308594,-5.206839084625244,-0.1894950270652771,-0.4879286587238312,-0.8520665168762207,9.694833755493164,-0.0,0.0,-0.0,1.0000001192092896],"filename":"frame_00000031.jpg","index":31,"latitude":51.227195739746094,"longitude":6.6990838050842285,"selected":true,"timestamp":"2023-08-14T10:54:58.549+02:00","tracking_state":"good"},{"adjusted":false,"compass":330.65826416015625,"extrinsics":[0.9760415554046631,-0.0035374690778553486,-0.2175556868314743,0.6006579399108887,0.10083594173192978,-0.8786606788635254,0.4666772782802582,-5.087040901184082,-0.19280852377414703,-0.47743386030197144,-0.8572525978088379,9.75744915008545,-0.0,0.0,-0.0,1.0000001192092896],"filename":"frame_00000032.jpg","index":32,"latitude":51.227195739746094,"longitude":6.6990838050842285,"selected":true,"timestamp":"2023-08-14T10:54:58.599+02:00","tracking_state":"good"},{"adjusted":false,"compass":330.65826416015625,"extrinsics":[0.9758521914482117,-0.0039354790933430195,-0.21839645504951477,0.6103822588920593,0.09889402985572815,-0.8835351467132568,0.45780545473098755,-4.984310626983643,-0.19476260244846344,-0.46834859251976013,-0.8618105053901672,9.810949325561523,-0.0,0.0,-0.0,1.0000001192092896],"filename":"frame_00000033.jpg","index":33,"latitude":51.227195739746094,"longitude":6.6990838050842285,"selected":true,"timestamp":"2023-08-14T10:54:58.649+02:00","tracking_state":"good"},{"adjusted":false,"compass":330.65826416015625,"extrinsics":[0.9758301973342896,-0.004467851482331753,-0.21848346292972565,0.6117408275604248,0.09665685147047043,-0.8878519535064697,0.4498623311519623,-4.890462875366211,-0.19599096477031708,-0.46010729670524597,-0.8659611940383911,9.85831069946289,-0.0,0.0,-0.0,1.0],"filename":"frame_00000034.jpg","index":34,"latitude":51.227195739746094,"longitude":6.6990838050842285,"selected":true,"timestamp":"2023-08-14T10:54:58.699+02:00","tracking_state":"good"},{"adjusted":false,"compass":330.65826416015625,"extrinsics":[0.976032018661499,-0.004885286558419466,-0.21757236123085022,0.6017099022865295,0.09397092461585999,-0.8922826647758484,0.44158944487571716,-4.792551517486572,-0.19629335403442383,-0.4514508843421936,-0.8704373836517334,9.907452583312988,-0.0,0.0,-0.0,1.0000001192092896],"filename":"frame_00000035.jpg","index":35,"latitude":51.227195739746094,"longitude":6.6990838050842285,"selected":true,"timestamp":"2023-08-14T10:54:58.749+02:00","tracking_state":"good"},{"adjusted":false,"compass":330.65826416015625,"extrinsics":[0.9763432741165161,-0.005113199818879366,-0.21616560220718384,0.5862368941307068,0.09118548780679703,-0.8967388868331909,0.4330640733242035,-4.691364288330078,-0.196058452129364,-0.44253039360046387,-0.8750589489936829,9.956927299499512,-0.0,0.0,-0.0,1.0000001192092896],"filename":"frame_00000036.jpg","index":36,"latitude":51.227195739746094,"longitude":6.6990838050842285,"selected":true,"timestamp":"2023-08-14T10:54:58.799+02:00","tracking_state":"good"},{"adjusted":false,"compass":330.65826416015625,"extrinsics":[0.9765036106109619,-0.0045798346400260925,-0.2154516577720642,0.5786679983139038,0.0890505388379097,-0.9018468856811523,0.4227792024612427,-4.5726094245910645,-0.1962406188249588,-0.4320316016674042,-0.8802490830421448,10.01370906829834,-0.0,0.0,-0.0,1.0000001192092896],"filename":"frame_00000037.jpg","index":37,"latitude":51.227195739746094,"longitude":6.6990838050842285,"selected":true,"timestamp":"2023-08-14T10:54:58.849+02:00","tracking_state":"good"},{"adjusted":false,"compass":330.65826416015625,"extrinsics":[0.9766783714294434,-0.0026536062359809875,-0.2146906703710556,0.569929838180542,0.08814214169979095,-0.9068254232406616,0.4121876657009125,-4.452388286590576,-0.19578078389167786,-0.4214981198310852,-0.8854430317878723,10.068988800048828,-0.0,0.0,-0.0,1.0000001192092896],"filename":"frame_00000038.jpg","index":38,"latitude":51.227195739746094,"longitude":6.6990838050842285,"selected":true,"timestamp":"2023-08-14T10:54:58.899+02:00","tracking_state":"good"},{"adjusted":false,"compass":330.65826416015625,"extrinsics":[0.9766501188278198,-0.0017269253730773926,-0.21482887864112854,0.5722463726997375,0.0866185873746872,-0.9119237065315247,0.40111392736434937,-4.325666904449463,-0.19660025835037231,-0.41035619378089905,-0.8904808163642883,10.125565528869629,-0.0,0.0,-0.0,1.0],"filename":"frame_00000039.jpg","index":39,"latitude":51.227195739746094,"longitude":6.6990838050842285,"selected":true,"timestamp":"2023-08-14T10:54:58.949+02:00","tracking_state":"good"},{"adjusted":false,"compass":330.65826416015625,"extrinsics":[0.9765936136245728,-0.002142735058441758,-0.21508167684078217,0.5755228400230408,0.08379559218883514,-0.917156994342804,0.38961678743362427,-4.191739559173584,-0.19809862971305847,-0.39852023124694824,-0.8955103754997253,10.18290901184082,-0.0,0.0,-0.0,1.0000001192092896],"filename":"frame_00000040.jpg","index":40,"latitude":51.227195739746094,"longitude":6.6990838050842285,"selected":true,"timestamp":"2023-08-14T10:54:58.999+02:00","tracking_state":"good"},{"adjusted":false,"compass":330.65826416015625,"extrinsics":[0.976540744304657,-0.003343933029100299,-0.21530674397945404,0.5783886909484863,0.08035322278738022,-0.9219969511032104,0.3787679076194763,-4.064262866973877,-0.1997787058353424,-0.38718289136886597,-0.900098979473114,10.235722541809082,-0.0,0.0,-0.0,1.0000001192092896],"filename":"frame_00000041.jpg","index":41,"latitude":51.227195739746094,"longitude":6.6990838050842285,"selected":true,"timestamp":"2023-08-14T10:54:59.049+02:00","tracking_state":"good"},{"adjusted":false,"compass":330.65826416015625,"extrinsics":[0.9766702055931091,-0.003232628107070923,-0.21472029387950897,0.5719736814498901,0.0780847892165184,-0.9260970950126648,0.36911633610725403,-3.952073097229004,-0.2000451385974884,-0.3772713840007782,-0.9042390584945679,10.281246185302734,-0.0,0.0,-0.0,1.0000001192092896],"filename":"frame_00000042.jpg","index":42,"latitude":51.227195739746094,"longitude":6.6990838050842285,"selected":true,"timestamp":"2023-08-14T10:54:59.099+02:00","tracking_state":"good"},{"adjusted":false,"compass":330.65826416015625,"extrinsics":[0.9764840602874756,-0.0033825875725597143,-0.21556344628334045,0.581356406211853,0.0765962079167366,-0.9291992783546448,0.3615550994873047,-3.8640003204345703,-0.20152445137500763,-0.36956411600112915,-0.907089114189148,10.315576553344727,-0.0,0.0,-0.0,1.000000238418579],"filename":"frame_00000043.jpg","index":43,"latitude":51.227195739746094,"longitude":6.6990838050842285,"selected":true,"timestamp":"2023-08-14T10:54:59.149+02:00","tracking_state":"good"},{"adjusted":false,"compass":330.65826416015625,"extrinsics":[0.9762359261512756,-0.0030812318436801434,-0.216687873005867,0.5938858389854431,0.07574126869440079,-0.9319882392883301,0.35448676347732544,-3.7829880714416504,-0.2030429244041443,-0.36247506737709045,-0.9096072316169739,10.346114158630371,-0.0,0.0,-0.0,1.0],"filename":"frame_00000044.jpg","index":44,"latitude":51.227195739746094,"longitude":6.6990838050842285,"selected":true,"timestamp":"2023-08-14T10:54:59.199+02:00","tracking_state":"good"},{"adjusted":false,"compass":330.65826416015625,"extrinsics":[0.9759258031845093,-0.0028394616674631834,-0.2180843949317932,0.6090525388717651,0.0748521089553833,-0.9348236918449402,0.347133994102478,-3.699181318283081,-0.20485621690750122,-0.355101078748703,-0.9121061563491821,10.376956939697266,-0.0,0.0,-0.0,1.000000238418579],"filename":"frame_00000045.jpg","index":45,"latitude":51.227195739746094,"longitude":6.6990838050842285,"selected":true,"timestamp":"2023-08-14T10:54:59.249+02:00","tracking_state":"good"},{"adjusted":false,"compass":330.65826416015625,"extrinsics":[0.9756595492362976,-0.0031727622263133526,-0.21926692128181458,0.6221269369125366,0.07348940521478653,-0.937344491481781,0.34056493639945984,-3.6228365898132324,-0.20660917460918427,-0.34838926792144775,-0.9142962098121643,10.404343605041504,-0.0,0.0,-0.0,1.0],"filename":"frame_00000046.jpg","index":46,"latitude":51.227195739746094,"longitude":6.6990838050842285,"selected":true,"timestamp":"2023-08-14T10:54:59.299+02:00","tracking_state":"good"},{"adjusted":false,"compass":330.65826416015625,"extrinsics":[0.9753962755203247,-0.004151009954512119,-0.22041986882686615,0.6349014639854431,0.0714164599776268,-0.9399589896202087,0.33373185992240906,-3.5426840782165527,-0.20857100188732147,-0.34126242995262146,-0.9165360927581787,10.433060646057129,-0.0,0.0,-0.0,1.0000001192092896],"filename":"frame_00000047.jpg","index":47,"latitude":51.227195739746094,"longitude":6.6990838050842285,"selected":true,"timestamp":"2023-08-14T10:54:59.349+02:00","tracking_state":"good"},{"adjusted":false,"compass":330.65826416015625,"extrinsics":[0.9753284454345703,-0.005888745188713074,-0.22067928314208984,0.6376159191131592,0.06806337833404541,-0.9429236650466919,0.3259787857532501,-3.4494502544403076,-0.21000342071056366,-0.3329566717147827,-0.9192597270011902,10.4655122756958,-0.0,0.0,-0.0,1.0],"filename":"frame_00000048.jpg","index":48,"latitude":51.227195739746094,"longitude":6.6990838050842285,"selected":true,"timestamp":"2023-08-14T10:54:59.399+02:00","tracking_state":"good"},{"adjusted":false,"compass":330.65826416015625,"extrinsics":[0.9752428531646729,-0.007649008184671402,-0.2210039645433426,0.6416628956794739,0.06462809443473816,-0.9459096193313599,0.3179279565811157,-3.3532443046569824,-0.2114817202091217,-0.32434001564979553,-0.9219973087310791,10.498664855957031,-0.0,0.0,-0.0,1.0],"filename":"frame_00000049.jpg","index":49,"latitude":51.227195739746094,"longitude":6.6990838050842285,"selected":true,"timestamp":"2023-08-14T10:54:59.449+02:00","tracking_state":"good"},{"adjusted":false,"compass":330.65826416015625,"extrinsics":[0.975347638130188,-0.008129813708364964,-0.2205239236354828,0.6357719898223877,0.062131617218256,-0.9487769603729248,0.3097773492336273,-3.2571823596954346,-0.21174640953540802,-0.3158421516418457,-0.9248824715614319,10.53049087524414,-0.0,0.0,-0.0,1.0000001192092896],"filename":"frame_00000050.jpg","index":50,"latitude":51.227195739746094,"longitude":6.6990838050842285,"selected":true,"timestamp":"2023-08-14T10:54:59.499+02:00","tracking_state":"good"},{"adjusted":false,"compass":330.65826416015625,"extrinsics":[0.9751359820365906,-0.00901392474770546,-0.22142329812049866,0.6453133225440979,0.05995335057377815,-0.9511815309524536,0.3027530014514923,-3.1741020679473877,-0.2133428007364273,-0.3085004985332489,-0.9269911050796509,10.556635856628418,-0.0,0.0,-0.0,1.0],"filename":"frame_00000051.jpg","index":51,"latitude":51.227195739746094,"longitude":6.6990838050842285,"selected":true,"timestamp":"2023-08-14T10:54:59.549+02:00","tracking_state":"good"},{"adjusted":false,"compass":330.65826416015625,"extrinsics":[0.9750878810882568,-0.008829349651932716,-0.22164294123649597,0.6471824049949646,0.05839291960000992,-0.9537469148635864,0.29488512873649597,-3.0831170082092285,-0.21399492025375366,-0.30048131942749023,-0.9294715523719788,10.584573745727539,-0.0,0.0,-0.0,1.0000001192092896],"filename":"frame_00000052.jpg","index":52,"latitude":51.227195739746094,"longitude":6.6990838050842285,"selected":true,"timestamp":"2023-08-14T10:54:59.599+02:00","tracking_state":"good"},{"adjusted":false,"compass":330.65826416015625,"extrinsics":[0.9753417372703552,-0.008534212596714497,-0.22053487598896027,0.6343011856079102,0.056694138795137405,-0.9560315012931824,0.2877327799797058,-2.9999473094940186,-0.2132938802242279,-0.29314082860946655,-0.9319735765457153,10.611260414123535,-0.0,0.0,-0.0,1.000000238418579],"filename":"frame_00000053.jpg","index":53,"latitude":51.227195739746094,"longitude":6.6990838050842285,"selected":true,"timestamp":"2023-08-14T10:54:59.649+02:00","tracking_state":"good"},{"adjusted":false,"compass":330.65826416015625,"extrinsics":[0.9752512574195862,-0.009946275502443314,-0.22087518870830536,0.6380469799041748,0.054120682179927826,-0.9578579068183899,0.282097727060318,-2.931480646133423,-0.21437285840511322,-0.2870701253414154,-0.9336140751838684,10.631048202514648,-0.0,0.0,-0.0,1.0000001192092896],"filename":"frame_00000054.jpg","index":54,"latitude":51.227195739746094,"longitude":6.6990838050842285,"selected":true,"timestamp":"2023-08-14T10:54:59.699+02:00","tracking_state":"good"},{"adjusted":false,"compass":330.65826416015625,"extrinsics":[0.975308358669281,-0.009929283522069454,-0.22062362730503082,0.6347702145576477,0.05232793837785721,-0.9601514935493469,0.2745375633239746,-2.8438189029693604,-0.21455805003643036,-0.279303640127182,-0.9359242916107178,10.6569185256958,-0.0,0.0,-0.0,1.0],"filename":"frame_00000055.jpg","index":55,"latitude":51.227195739746094,"longitude":6.6990838050842285,"selected":true,"timestamp":"2023-08-14T10:54:59.749+02:00","tracking_state":"good"},{"adjusted":false,"compass":330.65826416015625,"extrinsics":[0.9753367900848389,-0.009087548591196537,-0.22053450345993042,0.6333019137382507,0.0514443963766098,-0.9622753262519836,0.26717039942741394,-2.7598328590393066,-0.21464289724826813,-0.2719264328479767,-0.9380751848220825,10.680047988891602,-0.0,0.0,-0.0,1.000000238418579],"filename":"frame_00000056.jpg","index":56,"latitude":51.227195739746094,"longitude":6.6990838050842285,"selected":true,"timestamp":"2023-08-14T10:54:59.799+02:00","tracking_state":"good"},{"adjusted":false,"compass":330.65826416015625,"extrinsics":[0.9752461910247803,-0.008860418573021889,-0.22094334661960602,0.6378170251846313,0.050327952951192856,-0.9640772938728333,0.2608100175857544,-2.6869819164276123,-0.2153174728155136,-0.2654736340045929,-0.9397670030593872,10.69968318939209,-0.0,0.0,-0.0,1.0000001192092896],"filename":"frame_00000057.jpg","index":57,"latitude":51.227195739746094,"longitude":6.6990838050842285,"selected":true,"timestamp":"2023-08-14T10:54:59.849+02:00","tracking_state":"good"},{"adjusted":false,"compass":330.65826416015625,"extrinsics":[0.9750716686248779,-0.008809440769255161,-0.22171537578105927,0.6464053988456726,0.0490550734102726,-0.9659289717674255,0.2541162967681885,-2.6097748279571533,-0.2163998931646347,-0.258657842874527,-0.9414178729057312,10.719364166259766,-0.0,0.0,-0.0,1.000000238418579],"filename":"frame_00000058.jpg","index":58,"latitude":51.227195739746094,"longitude":6.6990838050842285,"selected":true,"timestamp":"2023-08-14T10:54:59.899+02:00","tracking_state":"good"},{"adjusted":false,"compass":330.65826416015625,"extrinsics":[0.9749866724014282,-0.008966038003563881,-0.2220817357301712,0.6509325504302979,0.047487322241067886,-0.9677109718322754,0.24754858016967773,-2.533158779144287,-0.21713052690029144,-0.25190269947052,-0.9430796504020691,10.73863410949707,-0.0,0.0,-0.0,1.0000001192092896],"filename":"frame_00000059.jpg","index":59,"latitude":51.227195739746094,"longitude":6.6990838050842285,"selected":true,"timestamp":"2023-08-14T10:54:59.949+02:00","tracking_state":"good"},{"adjusted":false,"compass":330.65826416015625,"extrinsics":[0.9745832681655884,-0.009409311227500439,-0.22382718324661255,0.6708012819290161,0.04580528661608696,-0.9696404933929443,0.2402062863111496,-2.4477362632751465,-0.21929208934307098,-0.2443535476922989,-0.9445645809173584,10.758291244506836,-0.0,0.0,-0.0,1.0],"filename":"frame_00000060.jpg","index":60,"latitude":51.227195739746094,"longitude":6.6990838050842285,"selected":true,"timestamp":"2023-08-14T10:54:59.999+02:00","tracking_state":"good"},{"adjusted":false,"compass":330.65826416015625,"extrinsics":[0.974379301071167,-0.00822429358959198,-0.2247602641582489,0.6802803874015808,0.04519428312778473,-0.9717881679534912,0.23148496448993683,-2.348755121231079,-0.22032323479652405,-0.23571205139160156,-0.9465186595916748,10.780206680297852,-0.0,0.0,-0.0,1.0],"filename":"frame_00000061.jpg","index":61,"latitude":51.227195739746094,"longitude":6.6990838050842285,"selected":true,"timestamp":"2023-08-14T10:55:00.049+02:00","tracking_state":"good"},{"adjusted":false,"compass":330.65826416015625,"extrinsics":[0.9743842482566833,-0.006929485127329826,-0.2247825413942337,0.6803153157234192,0.04423701390624046,-0.9740912914276123,0.22178681194782257,-2.2387423515319824,-0.2204955369234085,-0.22604931890964508,-0.9488327503204346,10.804596900939941,-0.0,0.0,-0.0,1.0000001192092896],"filename":"frame_00000062.jpg","index":62,"latitude":51.227195739746094,"longitude":6.6990838050842285,"selected":true,"timestamp":"2023-08-14T10:55:00.099+02:00","tracking_state":"good"},{"adjusted":false,"compass":330.65826416015625,"extrinsics":[0.9741694331169128,-0.005831618327647448,-0.22574280202388763,0.6910427808761597,0.04371469095349312,-0.9758865833282471,0.21385625004768372,-2.150096893310547,-0.22154653072357178,-0.21820051968097687,-0.950424075126648,10.823257446289063,-0.0,0.0,-0.0,1.0000001192092896],"filename":"frame_00000063.jpg","index":63,"latitude":51.227195739746094,"longitude":6.6990838050842285,"selected":true,"timestamp":"2023-08-14T10:55:00.148+02:00","tracking_state":"good"},{"adjusted":false,"compass":330.65826416015625,"extrinsics":[0.9735730290412903,-0.004936976823955774,-0.22832165658473969,0.7204364538192749,0.04361875727772713,-0.9773415923118591,0.20712509751319885,-2.0747499465942383,-0.22417086362838745,-0.2116105705499649,-0.951298177242279,10.837305068969727,-0.0,0.0,-0.0,1.0],"filename":"frame_00000064.jpg","index":64,"latitude":51.227195739746094,"longitude":6.6990838050842285,"selected":true,"timestamp":"2023-08-14T10:55:00.198+02:00","tracking_state":"good"},{"adjusted":false,"compass":330.65826416015625,"extrinsics":[0.972942590713501,-0.0041840337216854095,-0.2310084104537964,0.751200795173645,0.04355558753013611,-0.9785879254341125,0.20116807520389557,-2.0079684257507324,-0.2269037961959839,-0.20578673481941223,-0.951927900314331,10.849042892456055,-0.0,0.0,-0.0,1.0000001192092896],"filename":"frame_00000065.jpg","index":65,"latitude":51.227195739746094,"longitude":6.6990838050842285,"selected":true,"timestamp":"2023-08-14T10:55:00.248+02:00","tracking_state":"good"},{"adjusted":false,"compass":330.65826416015625,"extrinsics":[0.9724869728088379,-0.0029494469054043293,-0.2329384833574295,0.7732923030853271,0.04390449821949005,-0.9796806573867798,0.1957000494003296,-1.9476008415222168,-0.2287825345993042,-0.20054280757904053,-0.9525971412658691,10.859468460083008,-0.0,0.0,-0.0,1.0000001192092896],"filename":"frame_00000066.jpg","index":66,"latitude":51.227195739746094,"longitude":6.6990838050842285,"selected":true,"timestamp":"2023-08-14T10:55:00.298+02:00","tracking_state":"good"},{"adjusted":false,"compass":329.61279296875,"extrinsics":[0.972105860710144,-0.001873403787612915,-0.23453500866889954,0.7928765416145325,0.044172026216983795,-0.9806116819381714,0.19091796875,-1.8947466611862183,-0.23034554719924927,-0.195952370762825,-0.9531756043434143,10.8685884475708,-0.0,0.0,-0.0,1.0],"filename":"frame_00000067.jpg","index":67,"latitude":51.227195739746094,"longitude":6.6990838050842285,"selected":true,"timestamp":"2023-08-14T10:55:00.348+02:00","tracking_state":"good"},{"adjusted":false,"compass":329.61279296875,"extrinsics":[0.971703052520752,-0.0016794580733403563,-0.23619984090328217,0.8123980760574341,0.04368404299020767,-0.981447160243988,0.18669025599956512,-1.8466955423355103,-0.232131227850914,-0.19172562658786774,-0.9536018967628479,10.876458168029785,-0.0,0.0,-0.0,1.0000001192092896],"filename":"frame_00000068.jpg","index":68,"latitude":51.227195739746094,"longitude":6.6990838050842285,"selected":true,"timestamp":"2023-08-14T10:55:00.398+02:00","tracking_state":"good"},{"adjusted":false,"compass":329.61279296875,"extrinsics":[0.9713209271430969,-0.0014318564208224416,-0.23776796460151672,0.8312901854515076,0.04336211457848549,-0.9821458458900452,0.18305589258670807,-1.8058514595031738,-0.2337849885225296,-0.1881161630153656,-0.9539167284965515,10.884511947631836,-0.0,0.0,-0.0,1.0000001192092896],"filename":"frame_00000069.jpg","index":69,"latitude":51.227195739746094,"longitude":6.6990838050842285,"selected":true,"timestamp":"2023-08-14T10:55:00.448+02:00","tracking_state":"good"},{"adjusted":false,"compass":329.61279296875,"extrinsics":[0.9713436365127563,-0.0012952910037711263,-0.23767586052417755,0.8305647969245911,0.04234682768583298,-0.9830424189567566,0.17842213809490204,-1.7524755001068115,-0.23387658596038818,-0.1833740472793579,-0.9548171758651733,10.894612312316895,-0.0,0.0,-0.0,1.0000001192092896],"filename":"frame_00000070.jpg","index":70,"latitude":51.227195739746094,"longitude":6.6990838050842285,"selected":true,"timestamp":"2023-08-14T10:55:00.498+02:00","tracking_state":"good"},{"adjusted":false,"compass":329.61279296875,"extrinsics":[0.9712837934494019,-0.002188038546591997,-0.23791377246379852,0.8339222073554993,0.040554169565439224,-0.9838022589683533,0.17461031675338745,-1.7070910930633545,-0.23444214463233948,-0.17924457788467407,-0.9554625153541565,10.902997970581055,-0.0,0.0,-0.0,1.0000001192092896],"filename":"frame_00000071.jpg","index":71,"latitude":51.227195739746094,"longitude":6.6990838050842285,"selected":true,"timestamp":"2023-08-14T10:55:00.548+02:00","tracking_state":"good"},{"adjusted":false,"compass":329.61279296875,"extrinsics":[0.9709752798080444,-0.0033171107061207294,-0.23915691673755646,0.8484262824058533,0.039134036749601364,-0.9842257499694824,0.17253507673740387,-1.6812809705734253,-0.23595669865608215,-0.1768864393234253,-0.9555290937423706,10.907052040100098,-0.0,0.0,-0.0,1.0000001192092896],"filename":"frame_00000072.jpg","index":72,"latitude":51.227195739746094,"longitude":6.6990838050842285,"selected":true,"timestamp":"2023-08-14T10:55:00.598+02:00","tracking_state":"good"},{"adjusted":false,"compass":329.61279296875,"extrinsics":[0.9711177945137024,-0.003455814439803362,-0.23857568204402924,0.8421012163162231,0.03829033300280571,-0.9846786260604858,0.17012335360050201,-1.6537247896194458,-0.2355082929134369,-0.1743449568748474,-0.9561066031455994,10.912607192993164,-0.0,0.0,-0.0,1.0000001192092896],"filename":"frame_00000073.jpg","index":73,"latitude":51.227195739746094,"longitude":6.6990838050842285,"selected":true,"timestamp":"2023-08-14T10:55:00.648+02:00","tracking_state":"good"},{"adjusted":false,"compass":329.61279296875,"extrinsics":[0.9714071154594421,-0.0035931095480918884,-0.23739208281040192,0.8285492062568665,0.03774982690811157,-0.9848278760910034,0.16937820613384247,-1.6447007656097412,-0.23439902067184448,-0.17349672317504883,-0.9565333724021912,10.915596008300781,-0.0,0.0,-0.0,1.0],"filename":"frame_00000074.jpg","index":74,"latitude":51.227195739746094,"longitude":6.6990838050842285,"selected":true,"timestamp":"2023-08-14T10:55:00.698+02:00","tracking_state":"good"},{"adjusted":false,"compass":329.61279296875,"extrinsics":[0.971315860748291,-0.004614810924977064,-0.2377476990222931,0.832237958908081,0.03699921444058418,-0.9847019910812378,0.17027346789836884,-1.6542950868606567,-0.23489652574062347,-0.1741858273744583,-0.9562860131263733,10.914551734924316,-0.0,0.0,-0.0,1.0],"filename":"frame_00000075.jpg","index":75,"latitude":51.227195739746094,"longitude":6.6990838050842285,"selected":true,"timestamp":"2023-08-14T10:55:00.748+02:00","tracking_state":"good"},{"adjusted":false,"compass":329.61279296875,"extrinsics":[0.9715672135353088,-0.004448187071830034,-0.23672188818454742,0.8202632069587708,0.03701598569750786,-0.9846750497817993,0.17042584717273712,-1.656437635421753,-0.2338522970676422,-0.17434267699718475,-0.9565134048461914,10.915688514709473,-0.0,0.0,-0.0,1.0],"filename":"frame_00000076.jpg","index":76,"latitude":51.227195739746094,"longitude":6.6990838050842285,"selected":true,"timestamp":"2023-08-14T10:55:00.798+02:00","tracking_state":"good"},{"adjusted":false,"compass":329.61279296875,"extrinsics":[0.9721125364303589,-0.0035660723224282265,-0.23448781669139862,0