{"app":"ARDK Examples","autofocus":1,"coordinates":"opengl","duration":31.839820623397827,"formatVersion":"1","frameCount":637,"framerate":20.0,"frames":[{"image":"frame_00000000.jpg","intrinsics":[546.5607299804688,546.5607299804688,360.06768798828125,261.2908935546875,0.0],"location":{"altitude":35.76884078979492,"altitudeAccuracy":3.0189619064331055,"heading":329.626708984375,"headingAccuracy":12.333515167236328,"headingTimestamp":1692003297.21412,"latitude":51.22719192504883,"longitude":6.699087619781494,"positionAccuracy":4.970956325531006,"positionTimestamp":1692003296.999867},"pose":[1.8118923902511597,0.09052711725234985,10.840518951416016,-0.41266077756881714,0.10852742195129395,0.04186692461371422,0.9034268260002136],"pose4x4":[0.972938060760498,-0.013922588899731636,-0.23064687848091125,0.0,-0.16521739959716797,0.6559164524078369,-0.7365302443504333,-0.0,0.1615394502878189,0.7547050714492798,0.6358656883239746,-0.0,1.8118923902511597,0.09052711725234985,10.840518951416016,0.9999999403953552],"projection":[1.5182242393493652,0.0,0.0,0.0,0.0,2.024298906326294,0.0,0.0,-0.0007088184356689453,-0.03156149387359619,-0.9999997615814209,-1.0,0.0,0.0,-0.0009999998146668077,0.0],"resolution":[720,540],"saveDuration":0.00972695928066969,"sequence":0,"timestamp":1692003297.0,"tracking":2,"trackingReason":0},{"image":"frame_00000001.jpg","intrinsics":[546.5607299804688,546.5607299804688,360.06378173828125,261.2730712890625,0.0],"location":{"altitude":35.76884078979492,"altitudeAccuracy":3.0189619064331055,"heading":329.626708984375,"headingAccuracy":12.333515167236328,"headingTimestamp":1692003297.21412,"latitude":51.22719192504883,"longitude":6.699087619781494,"positionAccuracy":4.970956325531006,"positionTimestamp":1692003296.999867},"pose":[1.81240975856781,0.09134776145219803,10.8416109085083,-0.41100654006004333,0.10804110020399094,0.041046205908060074,0.9042764902114868],"pose4x4":[0.9732846617698669,-0.01457693800330162,-0.22913862764835358,0.0,-0.16304542124271393,0.6587775945663452,-0.7344577312469482,-0.0,0.16165751218795776,0.7521964907646179,0.6388013958930969,-0.0,1.81240975856781,0.09134776145219803,10.8416109085083,0.9999998807907104],"projection":[1.5182242393493652,0.0,0.0,0.0,0.0,2.024298906326294,0.0,0.0,-0.0006979703903198242,-0.031627535820007324,-0.9999997615814209,-1.0,0.0,0.0,-0.0009999998146668077,0.0],"resolution":[720,540],"saveDuration":0.008873124606907368,"sequence":1,"timestamp":1692003297.049984,"tracking":2,"trackingReason":0},{"image":"frame_00000002.jpg","intrinsics":[546.7803344726563,546.7803344726563,360.0635986328125,261.25164794921875,0.0],"location":{"altitude":35.76884078979492,"altitudeAccuracy":3.0189619064331055,"heading":329.626708984375,"headingAccuracy":12.333515167236328,"headingTimestamp":1692003297.21412,"latitude":51.22719192504883,"longitude":6.699087619781494,"positionAccuracy":4.970956325531006,"positionTimestamp":1692003296.999867},"pose":[1.8125983476638794,0.0927467942237854,10.84281063079834,-0.4093039333820343,0.10747090727090836,0.04002198204398155,0.9051621556282043],"pose4x4":[0.9736965894699097,-0.015523748472332954,-0.22731947898864746,0.0,-0.16042926907539368,0.6617370843887329,-0.7323704361915588,-0.0,0.16179488599300385,0.7495751976966858,0.6418406367301941,-0.0,1.8125983476638794,0.0927467942237854,10.84281063079834,0.9999999403953552],"projection":[1.5188343524932861,0.0,0.0,0.0,0.0,2.0251123905181885,0.0,0.0,-0.0006974935531616211,-0.031706929206848145,-0.9999997615814209,-1.0,0.0,0.0,-0.0009999998146668077,0.0],"resolution":[720,540],"saveDuration":0.00888716708868742,"sequence":2,"timestamp":1692003297.0999677,"tracking":2,"trackingReason":0},{"image":"frame_00000003.jpg","intrinsics":[546.5607299804688,546.5607299804688,360.0703430175781,261.22308349609375,0.0],"location":{"altitude":35.76884078979492,"altitudeAccuracy":3.0189619064331055,"heading":329.626708984375,"headingAccuracy":12.333515167236328,"headingTimestamp":1692003297.21412,"latitude":51.22719192504883,"longitude":6.699087619781494,"positionAccuracy":4.970956325531006,"positionTimestamp":1692003296.999867},"pose":[1.8133217096328735,0.09429437667131424,10.843619346618652,-0.407428503036499,0.10659641027450562,0.03926528990268707,0.9061442613601685],"pose4x4":[0.9741909503936768,-0.015700772404670715,-0.2251790463924408,0.0,-0.15802083909511566,0.664920449256897,-0.7300069332122803,-0.0,0.16118784248828888,0.7467490434646606,0.6452783942222595,-0.0,1.8133217096328735,0.09429437667131424,10.843619346618652,0.9999998807907104],"projection":[1.5182242393493652,0.0,0.0,0.0,0.0,2.024298906326294,0.0,0.0,-0.0007162094116210938,-0.03181266784667969,-0.9999997615814209,-1.0,0.0,0.0,-0.0009999998146668077,0.0],"resolution":[720,540],"saveDuration":0.009554167278110981,"sequence":3,"timestamp":1692003297.149952,"tracking":2,"trackingReason":0},{"image":"frame_00000004.jpg","intrinsics":[546.341064453125,546.341064453125,360.04840087890625,261.19451904296875,0.0],"location":{"altitude":35.76884078979492,"altitudeAccuracy":3.0189619064331055,"heading":330.67926025390625,"headingAccuracy":12.32872200012207,"headingTimestamp":1692003298.099928,"latitude":51.22719192504883,"longitude":6.699087619781494,"positionAccuracy":4.970956325531006,"positionTimestamp":1692003296.999867},"pose":[1.8135720491409302,0.09617480635643005,10.844767570495605,-0.40472689270973206,0.10569960623979568,0.03849845007061958,0.90749192237854],"pose4x4":[0.9746910333633423,-0.015684857964515686,-0.22300587594509125,0.0,-0.15543299913406372,0.6694279313087463,-0.7264342904090881,-0.0,0.16068032383918762,0.7427113652229309,0.6500473618507385,-0.0,1.8135720491409302,0.09617480635643005,10.844767570495605,0.9999999403953552],"projection":[1.5176141262054443,0.0,0.0,0.0,0.0,2.0234854221343994,0.0,0.0,-0.0006552934646606445,-0.03191852569580078,-0.9999997615814209,-1.0,0.0,0.0,-0.0009999998146668077,0.0],"resolution":[720,540],"saveDuration":0.00852274987846613,"sequence":4,"timestamp":1692003297.199936,"tracking":2,"trackingReason":0},{"image":"frame_00000005.jpg","intrinsics":[546.5607299804688,546.5607299804688,360.0660400390625,261.1766357421875,0.0],"location":{"altitude":35.58811569213867,"altitudeAccuracy":2.999929189682007,"heading":330.67926025390625,"headingAccuracy":12.32872200012207,"headingTimestamp":1692003298.099928,"latitude":51.227195739746094,"longitude":6.6990838050842285,"positionAccuracy":4.9824652671813965,"positionTimestamp":1692003297.9998899},"pose":[1.8138400316238403,0.09818980097770691,10.846783638000488,-0.40135690569877625,0.10476575046777725,0.037450194358825684,0.9091392755508423],"pose4x4":[0.975243330001831,-0.016002001240849495,-0.2205551266670227,0.0,-0.15219177305698395,0.6750202178955078,-0.7219316959381104,-0.0,0.16043151915073395,0.7376255989074707,0.6558735966682434,-0.0,1.8138400316238403,0.09818980097770691,10.846783638000488,0.9999999403953552],"projection":[1.5182242393493652,0.0,0.0,0.0,0.0,2.024298906326294,0.0,0.0,-0.0007042884826660156,-0.031984567642211914,-0.9999997615814209,-1.0,0.0,0.0,-0.0009999998146668077,0.0],"resolution":[720,540],"saveDuration":0.01089183334261179,"sequence":5,"timestamp":1692003297.24992,"tracking":2,"trackingReason":0},{"image":"frame_00000006.jpg","intrinsics":[546.5607299804688,546.5607299804688,360.0547180175781,261.14453125,0.0],"location":{"altitude":35.58811569213867,"altitudeAccuracy":2.999929189682007,"heading":330.67926025390625,"headingAccuracy":12.32872200012207,"headingTimestamp":1692003298.099928,"latitude":51.227195739746094,"longitude":6.6990838050842285,"positionAccuracy":4.9824652671813965,"positionTimestamp":1692003297.9998899},"pose":[1.8141037225723267,0.10072728246450424,10.848114013671875,-0.397624671459198,0.1033431813120842,0.03643378987908363,0.9109815359115601],"pose4x4":[0.9759856462478638,-0.01580258272588253,-0.2172614485025406,0.0,-0.14856462180614471,0.6811342835426331,-0.716927170753479,-0.0,0.15931349992752075,0.7319878935813904,0.6624294519424438,-0.0,1.8141037225723267,0.10072728246450424,10.848114013671875,0.9999998211860657],"projection":[1.5182242393493652,0.0,0.0,0.0,0.0,2.024298906326294,0.0,0.0,-0.0006728172302246094,-0.032103657722473145,-0.9999997615814209,-1.0,0.0,0.0,-0.0009999998146668077,0.0],"resolution":[720,540],"saveDuration":0.010933125391602516,"sequence":6,"timestamp":1692003297.2999036,"tracking":2,"trackingReason":0},{"image":"frame_00000007.jpg","intrinsics":[546.5607299804688,546.5607299804688,360.1155090332031,261.09808349609375,0.0],"location":{"altitude":35.58811569213867,"altitudeAccuracy":2.999929189682007,"heading":330.67926025390625,"headingAccuracy":12.32872200012207,"headingTimestamp":1692003298.099928,"latitude":51.227195739746094,"longitude":6.6990838050842285,"positionAccuracy":4.9824652671813965,"positionTimestamp":1692003297.9998899},"pose":[1.8148273229599,0.10268574953079224,10.848920822143555,-0.39355647563934326,0.10209671407938004,0.035674069076776505,0.9129167199134827],"pose4x4":[0.9766073226928711,-0.015226723626255989,-0.2144911140203476,0.0,-0.14549653232097626,0.687681257724762,-0.7112841606140137,-0.0,0.15833206474781036,0.7258529663085938,0.6693790555000305,-0.0,1.8148273229599,0.10268574953079224,10.848920822143555,0.9999999403953552],"projection":[1.5182242393493652,0.0,0.0,0.0,0.0,2.024298906326294,0.0,0.0,-0.0008417367935180664,-0.03227555751800537,-0.9999997615814209,-1.0,0.0,0.0,-0.0009999998146668077,0.0],"resolution":[720,540],"saveDuration":0.011381500400602818,"sequence":7,"timestamp":1692003297.349887,"tracking":2,"trackingReason":0},{"image":"frame_00000008.jpg","intrinsics":[546.7803344726563,546.7803344726563,360.0355529785156,261.05523681640625,0.0],"location":{"altitude":35.58811569213867,"altitudeAccuracy":2.999929189682007,"heading":330.67926025390625,"headingAccuracy":12.32872200012207,"headingTimestamp":1692003298.099928,"latitude":51.227195739746094,"longitude":6.6990838050842285,"positionAccuracy":4.9824652671813965,"positionTimestamp":1692003297.9998899},"pose":[1.815339207649231,0.10576102137565613,10.850149154663086,-0.389095664024353,0.10087527334690094,0.034907661378383636,0.9149919152259827],"pose4x4":[0.9772113561630249,-0.014619806781411171,-0.21176496148109436,0.0,-0.1423807144165039,0.6947720646858215,-0.7049961090087891,-0.0,0.15743526816368103,0.7190814018249512,0.6768574714660645,-0.0,1.815339207649231,0.10576102137565613,10.850149154663086,0.9999999403953552],"projection":[1.5188343524932861,0.0,0.0,0.0,0.0,2.0251123905181885,0.0,0.0,-0.0006195306777954102,-0.03243422508239746,-0.9999997615814209,-1.0,0.0,0.0,-0.0009999998146668077,0.0],"resolution":[720,540],"saveDuration":0.011518125422298908,"sequence":8,"timestamp":1692003297.3998716,"tracking":2,"trackingReason":0},{"image":"frame_00000009.jpg","intrinsics":[546.5607299804688,546.5607299804688,360.0711669921875,261.01239013671875,0.0],"location":{"altitude":35.58811569213867,"altitudeAccuracy":2.999929189682007,"heading":330.67926025390625,"headingAccuracy":12.32872200012207,"headingTimestamp":1692003298.099928,"latitude":51.227195739746094,"longitude":6.6990838050842285,"positionAccuracy":4.9824652671813965,"positionTimestamp":1692003297.9998899},"pose":[1.8157635927200317,0.10950693488121033,10.851448059082031,-0.3841433525085449,0.09980027377605438,0.033989258110523224,0.9172341823577881],"pose4x4":[0.9777693748474121,-0.014322967268526554,-0.20919397473335266,0.0,-0.139027401804924,0.7025572657585144,-0.6979144811630249,-0.0,0.1569669097661972,0.7114830613136292,0.6849476099014282,-0.0,1.8157635927200317,0.10950693488121033,10.851448059082031,0.9999999403953552],"projection":[1.5182242393493652,0.0,0.0,0.0,0.0,2.024298906326294,0.0,0.0,-0.0007185935974121094,-0.0325930118560791,-0.9999997615814209,-1.0,0.0,0.0,-0.0009999998146668077,0.0],"resolution":[720,540],"saveDuration":0.009948374703526497,"sequence":9,"timestamp":1692003297.4498558,"tracking":2,"trackingReason":0},{"image":"frame_00000010.jpg","intrinsics":[546.7803344726563,546.7803344726563,360.0419921875,260.96026611328125,0.0],"location":{"altitude":35.58811569213867,"altitudeAccuracy":2.999929189682007,"heading":330.67926025390625,"headingAccuracy":12.32872200012207,"headingTimestamp":1692003298.099928,"latitude":51.227195739746094,"longitude":6.6990838050842285,"positionAccuracy":4.9824652671813965,"positionTimestamp":1692003297.9998899},"pose":[1.816257357597351,0.11319351196289063,10.852607727050781,-0.3789597451686859,0.09914840757846832,0.03288084641098976,0.9194987416267395],"pose4x4":[0.9781769514083862,-0.014678709208965302,-0.20725473761558533,0.0,-0.1356142908334732,0.7106167078018188,-0.6903858780860901,-0.0,0.157412588596344,0.70342618227005,0.6931182146072388,-0.0,1.816257357597351,0.11319351196289063,10.852607727050781,0.9999999403953552],"projection":[1.5188343524932861,0.0,0.0,0.0,0.0,2.0251123905181885,0.0,0.0,-0.0006375312805175781,-0.032786011695861816,-0.9999997615814209,-1.0,0.0,0.0,-0.0009999998146668077,0.0],"resolution":[720,540],"saveDuration":0.010273249819874763,"sequence":10,"timestamp":1692003297.4998395,"tracking":2,"trackingReason":0},{"image":"frame_00000011.jpg","intrinsics":[546.7803344726563,546.7803344726563,360.07177734375,260.9219055175781,0.0],"location":{"altitude":35.58811569213867,"altitudeAccuracy":2.999929189682007,"heading":330.67926025390625,"headingAccuracy":12.32872200012207,"headingTimestamp":1692003298.099928,"latitude":51.227195739746094,"longitude":6.6990838050842285,"positionAccuracy":4.9824652671813965,"positionTimestamp":1692003297.9998899},"pose":[1.8168390989303589,0.11626548320055008,10.853567123413086,-0.3743777275085449,0.09917590022087097,0.03178063780069351,0.9214094877243042],"pose4x4":[0.978308379650116,-0.015692492946982384,-0.2065591961145401,0.0,-0.13282442092895508,0.7176625728607178,-0.6836066842079163,-0.0,0.1589672714471817,0.6962141990661621,0.7000108361244202,-0.0,1.8168390989303589,0.11626548320055008,10.853567123413086,0.9999998807907104],"projection":[1.5188343524932861,0.0,0.0,0.0,0.0,2.0251123905181885,0.0,0.0,-0.0007202625274658203,-0.03292810916900635,-0.9999997615814209,-1.0,0.0,0.0,-0.0009999998146668077,0.0],"resolution":[720,540],"saveDuration":0.01170674990862608,"sequence":11,"timestamp":1692003297.5498233,"tracking":2,"trackingReason":0},{"image":"frame_00000012.jpg","intrinsics":[546.5607299804688,546.5607299804688,360.0705871582031,260.8193664550781,0.0],"location":{"altitude":35.58811569213867,"altitudeAccuracy":2.999929189682007,"heading":330.67926025390625,"headingAccuracy":12.32872200012207,"headingTimestamp":1692003298.099928,"latitude":51.227195739746094,"longitude":6.6990838050842285,"positionAccuracy":4.9824652671813965,"positionTimestamp":1692003297.9998899},"pose":[1.816933274269104,0.11985648423433304,10.854528427124023,-0.3688167929649353,0.09914588928222656,0.03109617903828621,0.9236759543418884],"pose4x4":[0.9784063100814819,-0.01568777672946453,-0.20609495043754578,0.0,-0.13057895004749298,0.7260143756866455,-0.6751683354377747,-0.0,0.16021977365016937,0.687500536441803,0.7082884311676025,-0.0,1.816933274269104,0.11985648423433304,10.854528427124023,0.9999998807907104],"projection":[1.5182242393493652,0.0,0.0,0.0,0.0,2.024298906326294,0.0,0.0,-0.0007169246673583984,-0.03330790996551514,-0.9999997615814209,-1.0,0.0,0.0,-0.0009999998146668077,0.0],"resolution":[720,540],"saveDuration":0.009484250098466873,"sequence":12,"timestamp":1692003297.5998077,"tracking":2,"trackingReason":0},{"image":"frame_00000013.jpg","intrinsics":[546.7803344726563,546.7803344726563,360.0527648925781,260.7764892578125,0.0],"location":{"altitude":35.58811569213867,"altitudeAccuracy":2.999929189682007,"heading":331.685302734375,"headingAccuracy":12.328054428100586,"headingTimestamp":1692003298.542973,"latitude":51.227195739746094,"longitude":6.6990838050842285,"positionAccuracy":4.9824652671813965,"positionTimestamp":1692003297.9998899},"pose":[1.8176413774490356,0.123069167137146,10.855154991149902,-0.363208144903183,0.09926634281873703,0.030383072793483734,0.9259065389633179],"pose4x4":[0.9784462451934814,-0.01584489457309246,-0.20589351654052734,0.0,-0.1283724457025528,0.7343133687973022,-0.6665615439414978,-0.0,0.16175194084644318,0.6786255836486816,0.7164520621299744,-0.0,1.8176413774490356,0.123069167137146,10.855154991149902,0.9999999403953552],"projection":[1.5188343524932861,0.0,0.0,0.0,0.0,2.0251123905181885,0.0,0.0,-0.0006673336029052734,-0.03346669673919678,-0.9999997615814209,-1.0,0.0,0.0,-0.0009999998146668077,0.0],"resolution":[720,540],"saveDuration":0.012890124693512917,"sequence":13,"timestamp":1692003297.6497915,"tracking":2,"trackingReason":0},{"image":"frame_00000014.jpg","intrinsics":[547.0,547.0,360.0559387207031,260.695068359375,0.0],"location":{"altitude":35.58811569213867,"altitudeAccuracy":2.999929189682007,"heading":331.685302734375,"headingAccuracy":12.328054428100586,"headingTimestamp":1692003298.542973,"latitude":51.227195739746094,"longitude":6.6990838050842285,"positionAccuracy":4.9824652671813965,"positionTimestamp":1692003297.9998899},"pose":[1.8175467252731323,0.12675955891609192,10.856203079223633,-0.3572843074798584,0.09962958097457886,0.029317451640963554,0.9282038807868958],"pose4x4":[0.9784290194511414,-0.016767028719186783,-0.20590248703956604,0.0,-0.12561731040477753,0.7429768443107605,-0.6574235558509827,-0.0,0.16400377452373505,0.6691071391105652,0.7248437404632568,-0.0,1.8175467252731323,0.12675955891609192,10.856203079223633,0.9999999403953552],"projection":[1.5194443464279175,0.0,0.0,0.0,0.0,2.025925874710083,0.0,0.0,-0.000676274299621582,-0.0337681770324707,-0.9999997615814209,-1.0,0.0,0.0,-0.0009999998146668077,0.0],"resolution":[720,540],"saveDuration":0.010227500461041927,"sequence":14,"timestamp":1692003297.6997755,"tracking":2,"trackingReason":0},{"image":"frame_00000015.jpg","intrinsics":[546.7803344726563,546.7803344726563,360.0712890625,260.5494079589844,0.0],"location":{"altitude":35.58811569213867,"altitudeAccuracy":2.999929189682007,"heading":331.685302734375,"headingAccuracy":12.328054428100586,"headingTimestamp":1692003298.542973,"latitude":51.227195739746094,"longitude":6.6990838050842285,"positionAccuracy":4.9824652671813965,"positionTimestamp":1692003297.9998899},"pose":[1.8169740438461304,0.12977707386016846,10.857215881347656,-0.35103487968444824,0.09981583803892136,0.02891429513692856,0.9305779337882996],"pose4x4":[0.9784016013145447,-0.016263648867607117,-0.20607271790504456,0.0,-0.1238916665315628,0.7518770098686218,-0.6475584506988525,-0.0,0.16547292470932007,0.6591027975082397,0.7336226105690002,-0.0,1.8169740438461304,0.12977707386016846,10.857215881347656,0.9999999403953552],"projection":[1.5188343524932861,0.0,0.0,0.0,0.0,2.0251123905181885,0.0,0.0,-0.0007188320159912109,-0.03430771827697754,-0.9999997615814209,-1.0,0.0,0.0,-0.0009999998146668077,0.0],"resolution":[720,540],"saveDuration":0.010418540798127651,"sequence":15,"timestamp":1692003297.7497597,"tracking":2,"trackingReason":0},{"image":"frame_00000016.jpg","intrinsics":[547.0,547.0,360.04974365234375,260.562255859375,0.0],"location":{"altitude":35.58811569213867,"altitudeAccuracy":2.999929189682007,"heading":331.685302734375,"headingAccuracy":12.328054428100586,"headingTimestamp":1692003298.542973,"latitude":51.227195739746094,"longitude":6.6990838050842285,"positionAccuracy":4.9824652671813965,"positionTimestamp":1692003297.9998899},"pose":[1.8162668943405151,0.13306981325149536,10.858219146728516,-0.34503403306007385,0.09990625828504562,0.02918151766061783,0.9328015446662903],"pose4x4":[0.9783344864845276,-0.014500975608825684,-0.20652267336845398,0.0,-0.12338323891162872,0.7601999044418335,-0.6378657221794128,-0.0,0.16624818742275238,0.649527370929718,0.7419405579566956,-0.0,1.8162668943405151,0.13306981325149536,10.858219146728516,0.9999999403953552],"projection":[1.5194443464279175,0.0,0.0,0.0,0.0,2.025925874710083,0.0,0.0,-0.0006591081619262695,-0.03426015377044678,-0.9999997615814209,-1.0,0.0,0.0,-0.0009999998146668077,0.0],"resolution":[720,540],"saveDuration":0.009734208695590496,"sequence":16,"timestamp":1692003297.7997437,"tracking":2,"trackingReason":0},{"image":"frame_00000017.jpg","intrinsics":[546.7803344726563,546.7803344726563,360.02325439453125,260.5195007324219,0.0],"location":{"altitude":35.58811569213867,"altitudeAccuracy":2.999929189682007,"heading":331.685302734375,"headingAccuracy":12.328054428100586,"headingTimestamp":1692003298.542973,"latitude":51.227195739746094,"longitude":6.6990838050842285,"positionAccuracy":4.9824652671813965,"positionTimestamp":1692003297.9998899},"pose":[1.815238118171692,0.1364469826221466,10.858906745910645,-0.33946317434310913,0.10014959424734116,0.029518069699406624,0.9348066449165344],"pose4x4":[0.9781975150108337,-0.012806814163923264,-0.20728160440921783,0.0,-0.12318155914545059,0.7677868604660034,-0.6287524104118347,-0.0,0.16720043122768402,0.6405772566795349,0.7494696378707886,-0.0,1.815238118171692,0.1364469826221466,10.858906745910645,0.9999999403953552],"projection":[1.5188343524932861,0.0,0.0,0.0,0.0,2.0251123905181885,0.0,0.0,-0.0005854368209838867,-0.034418463706970215,-0.9999997615814209,-1.0,0.0,0.0,-0.0009999998146668077,0.0],"resolution":[720,540],"saveDuration":0.01515616662800312,"sequence":17,"timestamp":1692003297.8497276,"tracking":2,"trackingReason":0},{"image":"frame_00000018.jpg","intrinsics":[546.7803344726563,546.7803344726563,360.0045166015625,260.4251403808594,0.0],"location":{"altitude":35.58811569213867,"altitudeAccuracy":2.999929189682007,"heading":331.685302734375,"headingAccuracy":12.328054428100586,"headingTimestamp":1692003298.542973,"latitude":51.227195739746094,"longitude":6.6990838050842285,"positionAccuracy":4.9824652671813965,"positionTimestamp":1692003297.9998899},"pose":[1.814294695854187,0.14014722406864166,10.859922409057617,-0.3340311050415039,0.1014610305428505,0.029605936259031296,0.9366174936294556],"pose4x4":[0.9776583909988403,-0.012323392555117607,-0.20983898639678955,0.0,-0.12324114888906479,0.7750934362411499,-0.6197111010551453,-0.0,0.17028173804283142,0.6317264437675476,0.7562577128410339,-0.0,1.814294695854187,0.14014722406864166,10.859922409057617,1.0],"projection":[1.5188343524932861,0.0,0.0,0.0,0.0,2.0251123905181885,0.0,0.0,-0.0005334615707397461,-0.034767985343933105,-0.9999997615814209,-1.0,0.0,0.0,-0.0009999998146668077,0.0],"resolution":[720,540],"saveDuration":0.008077667094767094,"sequence":18,"timestamp":1692003297.8997107,"tracking":2,"trackingReason":0},{"image":"frame_00000019.jpg","intrinsics":[546.7803344726563,546.7803344726563,360.01239013671875,260.37384033203125,0.0],"location":{"altitude":35.58811569213867,"altitudeAccuracy":2.999929189682007,"heading":331.685302734375,"headingAccuracy":12.328054428100586,"headingTimestamp":1692003298.542973,"latitude":51.227195739746094,"longitude":6.6990838050842285,"positionAccuracy":4.9824652671813965,"positionTimestamp":1692003297.9998899},"pose":[1.8134523630142212,0.1432027816772461,10.861367225646973,-0.32801899313926697,0.1023436039686203,0.0298903901129961,0.9386351108551025],"pose4x4":[0.9772647619247437,-0.01102894451469183,-0.211735799908638,0.0,-0.12325362116098404,0.7830201983451843,-0.6096621155738831,-0.0,0.17251737415790558,0.6218984723091125,0.7638586163520813,-0.0,1.8134523630142212,0.1432027816772461,10.861367225646973,0.9999999403953552],"projection":[1.5188343524932861,0.0,0.0,0.0,0.0,2.0251123905181885,0.0,0.0,-0.0005552768707275391,-0.03495800495147705,-0.9999997615814209,-1.0,0.0,0.0,-0.0009999998146668077,0.0],"resolution":[720,540],"saveDuration":0.008160208351910114,"sequence":19,"timestamp":1692003297.9496956,"tracking":2,"trackingReason":0},{"image":"frame_00000020.jpg","intrinsics":[547.0,547.0,360.0545349121094,260.2713623046875,0.0],"location":{"altitude":35.58811569213867,"altitudeAccuracy":2.999929189682007,"heading":331.685302734375,"headingAccuracy":12.328054428100586,"headingTimestamp":1692003298.542973,"latitude":51.227195739746094,"longitude":6.6990838050842285,"positionAccuracy":4.9824652671813965,"positionTimestamp":1692003297.9998899},"pose":[1.81247079372406,0.14670570194721222,10.862339973449707,-0.32182198762893677,0.10258007794618607,0.030022451654076576,0.9407479166984558],"pose4x4":[0.9771520495414734,-0.009537939913570881,-0.212327778339386,0.0,-0.12251218408346176,0.7910584807395935,-0.5993472933769226,-0.0,0.17368021607398987,0.6116661429405212,0.7718157768249512,-0.0,1.81247079372406,0.14670570194721222,10.862339973449707,0.9999998807907104],"projection":[1.5194443464279175,0.0,0.0,0.0,0.0,2.025925874710083,0.0,0.0,-0.0006723403930664063,-0.03533744812011719,-0.9999997615814209,-1.0,0.0,0.0,-0.0009999998146668077,0.0],"resolution":[720,540],"saveDuration":0.009655125439167023,"sequence":20,"timestamp":1692003297.9996789,"tracking":2,"trackingReason":0},{"image":"frame_00000021.jpg","intrinsics":[546.7803344726563,546.7803344726563,360.0228576660156,260.19854736328125,0.0],"location":{"altitude":35.58811569213867,"altitudeAccuracy":2.999929189682007,"heading":331.685302734375,"headingAccuracy":12.328054428100586,"headingTimestamp":1692003298.542973,"latitude":51.227195739746094,"longitude":6.6990838050842285,"positionAccuracy":4.9824652671813965,"positionTimestamp":1692003297.9998899},"pose":[1.811881184577942,0.1497909128665924,10.863019943237305,-0.31540942192077637,0.10274164378643036,0.029890378937125206,0.9429038166999817],"pose4x4":[0.9771015644073486,-0.008443839848041534,-0.21260641515254974,0.0,-0.12117885053157806,0.7992469668388367,-0.5886595249176025,-0.0,0.1748955398797989,0.6009434461593628,0.7799221277236938,-0.0,1.811881184577942,0.1497909128665924,10.863019943237305,0.9999999403953552],"projection":[1.5188343524932861,0.0,0.0,0.0,0.0,2.0251123905181885,0.0,0.0,-0.0005843639373779297,-0.035607218742370605,-0.9999997615814209,-1.0,0.0,0.0,-0.0009999998146668077,0.0],"resolution":[720,540],"saveDuration":0.009330792352557182,"sequence":21,"timestamp":1692003298.0496607,"tracking":2,"trackingReason":0},{"image":"frame_00000022.jpg","intrinsics":[546.7803344726563,546.7803344726563,360.009033203125,260.0914001464844,0.0],"location":{"altitude":35.58811569213867,"altitudeAccuracy":2.999929189682007,"heading":331.685302734375,"headingAccuracy":12.328054428100586,"headingTimestamp":1692003298.542973,"latitude":51.227195739746094,"longitude":6.6990838050842285,"positionAccuracy":4.9824652671813965,"positionTimestamp":1692003297.9998899},"pose":[1.8115078210830688,0.15293486416339874,10.86343002319336,-0.31011444330215454,0.10338010638952255,0.029878728091716766,0.9445893168449402],"pose4x4":[0.9768397808074951,-0.007673086132854223,-0.21383515000343323,0.0,-0.12056560069322586,0.8058726787567139,-0.5796838998794556,-0.0,0.1767718493938446,0.5920393466949463,0.7862831950187683,-0.0,1.8115078210830688,0.15293486416339874,10.86343002319336,1.0],"projection":[1.5188343524932861,0.0,0.0,0.0,0.0,2.0251123905181885,0.0,0.0,-0.0005458593368530273,-0.036004066467285156,-0.9999997615814209,-1.0,0.0,0.0,-0.0009999998146668077,0.0],"resolution":[720,540],"saveDuration":0.0095358332619071,"sequence":22,"timestamp":1692003298.099647,"tracking":2,"trackingReason":0},{"image":"frame_00000023.jpg","intrinsics":[546.7803344726563,546.7803344726563,360.0213623046875,260.03570556640625,0.0],"location":{"altitude":35.58811569213867,"altitudeAccuracy":2.999929189682007,"heading":331.685302734375,"headingAccuracy":12.328054428100586,"headingTimestamp":1692003298.542973,"latitude":51.227195739746094,"longitude":6.6990838050842285,"positionAccuracy":4.9824652671813965,"positionTimestamp":1692003297.9998899},"pose":[1.8110016584396362,0.15618032217025757,10.863785743713379,-0.30504870414733887,0.10422774404287338,0.0294351726770401,0.946158230304718],"pose4x4":[0.9765403270721436,-0.007888388819992542,-0.21519021689891815,0.0,-0.11928971856832504,0.8121577501296997,-0.5711127519607544,-0.0,0.1792735755443573,0.5833845734596252,0.7921637296676636,-0.0,1.8110016584396362,0.15618032217025757,10.863785743713379,0.9999999403953552],"projection":[1.5188343524932861,0.0,0.0,0.0,0.0,2.0251123905181885,0.0,0.0,-0.0005801916122436523,-0.03621029853820801,-0.9999997615814209,-1.0,0.0,0.0,-0.0009999998146668077,0.0],"resolution":[720,540],"saveDuration":0.010210166685283184,"sequence":23,"timestamp":1692003298.1496305,"tracking":2,"trackingReason":0},{"image":"frame_00000024.jpg","intrinsics":[546.7803344726563,546.7803344726563,360.098388671875,259.95050048828125,0.0],"location":{"altitude":35.58811569213867,"altitudeAccuracy":2.999929189682007,"heading":331.685302734375,"headingAccuracy":12.328054428100586,"headingTimestamp":1692003298.542973,"latitude":51.227195739746094,"longitude":6.6990838050842285,"positionAccuracy":4.9824652671813965,"positionTimestamp":1692003297.9998899},"pose":[1.810447096824646,0.15979792177677155,10.864285469055176,-0.2991611361503601,0.10441555827856064,0.028520768508315086,0.9480435252189636],"pose4x4":[0.9765680432319641,-0.008396293967962265,-0.21504561603069305,0.0,-0.11655201762914658,0.8193783164024353,-0.5612795948982239,-0.0,0.18091636896133423,0.5731916427612305,0.7991999387741089,-0.0,1.810447096824646,0.15979792177677155,10.864285469055176,0.9999998807907104],"projection":[1.5188343524932861,0.0,0.0,0.0,0.0,2.0251123905181885,0.0,0.0,-0.0007941722869873047,-0.036525845527648926,-0.9999997615814209,-1.0,0.0,0.0,-0.0009999998146668077,0.0],"resolution":[720,540],"saveDuration":0.010812416672706604,"sequence":24,"timestamp":1692003298.1996148,"tracking":2,"trackingReason":0},{"image":"frame_00000025.jpg","intrinsics":[547.2196044921875,547.2196044921875,360.06658935546875,259.86053466796875,0.0],"location":{"altitude":35.58811569213867,"altitudeAccuracy":2.999929189682007,"heading":331.685302734375,"headingAccuracy":12.328054428100586,"headingTimestamp":1692003298.542973,"latitude":51.227195739746094,"longitude":6.6990838050842285,"positionAccuracy":4.9824652671813965,"positionTimestamp":1692003297.9998899},"pose":[1.810388207435608,0.16365060210227966,10.865169525146484,-0.29206499457359314,0.10384944081306458,0.027571722865104675,0.9503437280654907],"pose4x4":[0.9769103527069092,-0.008256354369223118,-0.2134908139705658,0.0,-0.11306680738925934,0.8278757333755493,-0.5493976473808289,-0.0,0.18127983808517456,0.5608509182929993,0.8078266978263855,-0.0,1.810388207435608,0.16365060210227966,10.865169525146484,0.9999999403953552],"projection":[1.5200544595718384,0.0,0.0,0.0,0.0,2.0267393589019775,0.0,0.0,-0.0007058382034301758,-0.03685915470123291,-0.9999997615814209,-1.0,0.0,0.0,-0.0009999998146668077,0.0],"resolution":[720,540],"saveDuration":0.011023417115211487,"sequence":25,"timestamp":1692003298.2495987,"tracking":2,"trackingReason":0},{"image":"frame_00000026.jpg","intrinsics":[546.7803344726563,546.7803344726563,360.0784606933594,259.761962890625,0.0],"location":{"altitude":35.63433837890625,"altitudeAccuracy":3.034491539001465,"heading":331.685302734375,"headingAccuracy":12.328054428100586,"headingTimestamp":1692003298.542973,"latitude":51.227195739746094,"longitude":6.6990838050842285,"positionAccuracy":4.961491584777832,"positionTimestamp":1692003298.9999132},"pose":[1.8098009824752808,0.16764986515045166,10.865721702575684,-0.28486043214797974,0.10330841690301895,0.02699984610080719,0.9526032209396362],"pose4x4":[0.9771968722343445,-0.007416658569127321,-0.21220619976520538,0.0,-0.11029722541570663,0.8362510800361633,-0.5371392965316772,-0.0,0.181441530585289,0.5482965111732483,0.8163638114929199,-0.0,1.8098009824752808,0.16764986515045166,10.865721702575684,0.9999999403953552],"projection":[1.5188343524932861,0.0,0.0,0.0,0.0,2.0251123905181885,0.0,0.0,-0.0007387399673461914,-0.0372241735458374,-0.9999997615814209,-1.0,0.0,0.0,-0.0009999998146668077,0.0],"resolution":[720,540],"saveDuration":0.010067375376820564,"sequence":26,"timestamp":1692003298.299583,"tracking":2,"trackingReason":0},{"image":"frame_00000027.jpg","intrinsics":[547.0,547.0,360.12939453125,259.6848449707031,0.0],"location":{"altitude":35.63433837890625,"altitudeAccuracy":3.034491539001465,"heading":331.685302734375,"headingAccuracy":12.328054428100586,"headingTimestamp":1692003298.542973,"latitude":51.227195739746094,"longitude":6.6990838050842285,"positionAccuracy":4.961491584777832,"positionTimestamp":1692003298.9999132},"pose":[1.8096729516983032,0.17145603895187378,10.865787506103516,-0.27757444977760315,0.10304643958806992,0.026598870754241943,0.954791247844696],"pose4x4":[0.9773479104042053,-0.006413372233510017,-0.2115420252084732,0.0,-0.10799884796142578,0.8444898724555969,-0.5245695114135742,-0.0,0.18200933933258057,0.5355331301689148,0.8246676921844482,-0.0,1.8096729516983032,0.17145603895187378,10.865787506103516,0.9999999403953552],"projection":[1.5194443464279175,0.0,0.0,0.0,0.0,2.025925874710083,0.0,0.0,-0.0008802413940429688,-0.037509799003601074,-0.9999997615814209,-1.0,0.0,0.0,-0.0009999998146668077,0.0],"resolution":[720,540],"saveDuration":0.00988683383911848,"sequence":27,"timestamp":1692003298.3495655,"tracking":2,"trackingReason":0},{"image":"frame_00000028.jpg","intrinsics":[546.7803344726563,546.7803344726563,360.1064758300781,259.6034240722656,0.0],"location":{"altitude":35.63433837890625,"altitudeAccuracy":3.034491539001465,"heading":331.685302734375,"headingAccuracy":12.328054428100586,"headingTimestamp":1692003298.542973,"latitude":51.227195739746094,"longitude":6.6990838050842285,"positionAccuracy":4.961491584777832,"positionTimestamp":1692003298.9999132},"pose":[1.8091579675674438,0.17571412026882172,10.86617660522461,-0.27064040303230286,0.10314692556858063,0.02620086632668972,0.9567800164222717],"pose4x4":[0.9773485064506531,-0.005694517865777016,-0.21155986189842224,0.0,-0.10596837848424911,0.8521345257759094,-0.5124815702438354,-0.0,0.1831957995891571,0.5232917666435242,0.83222895860672,-0.0,1.8091579675674438,0.17571412026882172,10.86617660522461,0.9999998807907104],"projection":[1.5188343524932861,0.0,0.0,0.0,0.0,2.0251123905181885,0.0,0.0,-0.0008165836334228516,-0.03781139850616455,-0.9999997615814209,-1.0,0.0,0.0,-0.0009999998146668077,0.0],"resolution":[720,540],"saveDuration":0.009644917212426662,"sequence":28,"timestamp":1692003298.399551,"tracking":2,"trackingReason":0},{"image":"frame_00000029.jpg","intrinsics":[547.0,547.0,360.1571960449219,259.4925231933594,0.0],"location":{"altitude":35.63433837890625,"altitudeAccuracy":3.034491539001465,"heading":331.685302734375,"headingAccuracy":12.328054428100586,"headingTimestamp":1692003298.542973,"latitude":51.227195739746094,"longitude":6.6990838050842285,"positionAccuracy":4.961491584777832,"positionTimestamp":1692003298.9999132},"pose":[1.8082998991012573,0.17990358173847198,10.867110252380371,-0.2635740339756012,0.1034378632903099,0.02585788629949093,0.9587286710739136],"pose4x4":[0.9772639870643616,-0.004945667460560799,-0.21196864545345306,0.0,-0.10410844534635544,0.8597201704978943,-0.5000425577163696,-0.0,0.18470671772956848,0.5107412934303284,0.8396586179733276,-0.0,1.8082998991012573,0.17990358173847198,10.867110252380371,0.9999998807907104],"projection":[1.5194443464279175,0.0,0.0,0.0,0.0,2.025925874710083,0.0,0.0,-0.000957489013671875,-0.03822219371795654,-0.9999997615814209,-1.0,0.0,0.0,-0.0009999998146668077,0.0],"resolution":[720,540],"saveDuration":0.011104167439043522,"sequence":29,"timestamp":1692003298.4495347,"tracking":2,"trackingReason":0},{"image":"frame_00000030.jpg","intrinsics":[547.2196044921875,547.2196044921875,360.13824462890625,259.39825439453125,0.0],"location":{"altitude":35.63433837890625,"altitudeAccuracy":3.034491539001465,"heading":331.685302734375,"headingAccuracy":12.328054428100586,"headingTimestamp":1692003298.542973,"latitude":51.227195739746094,"longitude":6.6990838050842285,"positionAccuracy":4.961491584777832,"positionTimestamp":1692003298.9999132},"pose":[1.8078407049179077,0.1839705854654312,10.86783218383789,-0.25689125061035156,0.10404635965824127,0.02596873790025711,0.9604722261428833],"pose4x4":[0.9769999980926514,-0.0035727056674659252,-0.2132095992565155,0.0,-0.1033417135477066,0.8666650056838989,-0.48806995153427124,-0.0,0.18652495741844177,0.49887770414352417,0.8463624715805054,-0.0,1.8078407049179077,0.1839705854654312,10.86783218383789,0.9999998807907104],"projection":[1.5200544595718384,0.0,0.0,0.0,0.0,2.0267393589019775,0.0,0.0,-0.0009047985076904297,-0.03857123851776123,-0.9999997615814209,-1.0,0.0,0.0,-0.0009999998146668077,0.0],"resolution":[720,540],"saveDuration":0.010032832622528076,"sequence":30,"timestamp":1692003298.4995189,"tracking":2,"trackingReason":0},{"image":"frame_00000031.jpg","intrinsics":[547.2196044921875,547.2196044921875,360.12451171875,259.3338623046875,0.0],"location":{"altitude":35.63433837890625,"altitudeAccuracy":3.034491539001465,"heading":331.685302734375,"headingAccuracy":12.328054428100586,"headingTimestamp":1692003298.542973,"latitude":51.227195739746094,"longitude":6.6990838050842285,"positionAccuracy":4.961491584777832,"positionTimestamp":1692003298.9999132},"pose":[1.8080843687057495,0.18727722764015198,10.868672370910645,-0.25079143047332764,0.10521604120731354,0.025783075019717216,0.9619607329368591],"pose4x4":[0.9765297770500183,-0.003169936826452613,-0.21535974740982056,0.0,-0.10237915813922882,0.8728777766227722,-0.477077454328537,-0.0,0.1894950121641159,0.4879285991191864,0.8520664572715759,-0.0,1.8080843687057495,0.18727722764015198,10.868672370910645,0.9999999403953552],"projection":[1.5200544595718384,0.0,0.0,0.0,0.0,2.0267393589019775,0.0,0.0,-0.0008666515350341797,-0.03880965709686279,-0.9999997615814209,-1.0,0.0,0.0,-0.0009999998146668077,0.0],"resolution":[720,540],"saveDuration":0.010991041548550129,"sequence":31,"timestamp":1692003298.5495028,"tracking":2,"trackingReason":0},{"image":"frame_00000032.jpg","intrinsics":[547.4392700195313,547.4392700195313,360.1493225097656,259.23114013671875,0.0],"location":{"altitude":35.63433837890625,"altitudeAccuracy":3.034491539001465,"heading":330.65826416015625,"headingAccuracy":12.328173637390137,"headingTimestamp":1692003299.489091,"latitude":51.227195739746094,"longitude":6.6990838050842285,"positionAccuracy":4.961491584777832,"positionTimestamp":1692003298.9999132},"pose":[1.808008074760437,0.19087821245193481,10.869279861450195,-0.2450144737958908,0.10649717599153519,0.025250766426324844,0.9633216857910156],"pose4x4":[0.9760415554046631,-0.003537483513355255,-0.2175557166337967,0.0,-0.10083592683076859,0.8786606192588806,-0.4666772484779358,-0.0,0.19280844926834106,0.4774337708950043,0.8572524785995483,-0.0,1.808008074760437,0.19087821245193481,10.869279861450195,0.9999999403953552],"projection":[1.5206645727157593,0.0,0.0,0.0,0.0,2.027552843093872,0.0,0.0,-0.000935673713684082,-0.03919017314910889,-0.9999997615814209,-1.0,0.0,0.0,-0.0009999998146668077,0.0],"resolution":[720,540],"saveDuration":0.012931333854794502,"sequence":32,"timestamp":1692003298.599487,"tracking":2,"trackingReason":0},{"image":"frame_00000033.jpg","intrinsics":[547.0,547.0,360.1224060058594,259.1711730957031,0.0],"location":{"altitude":35.63433837890625,"altitudeAccuracy":3.034491539001465,"heading":330.65826416015625,"headingAccuracy":12.328173637390137,"headingTimestamp":1692003299.489091,"latitude":51.227195739746094,"longitude":6.6990838050842285,"positionAccuracy":4.961491584777832,"positionTimestamp":1692003298.9999132},"pose":[1.8080815076828003,0.19353201985359192,10.87032699584961,-0.24005559086799622,0.10708926618099213,0.024612899869680405,0.964520275592804],"pose4x4":[0.9758522510528564,-0.003935466520488262,-0.21839644014835358,0.0,-0.09889402240514755,0.8835350275039673,-0.45780542492866516,-0.0,0.19476260244846344,0.46834850311279297,0.8618103861808777,-0.0,1.8080815076828003,0.19353201985359192,10.87032699584961,0.9999999403953552],"projection":[1.5194443464279175,0.0,0.0,0.0,0.0,2.025925874710083,0.0,0.0,-0.0008608102798461914,-0.03941237926483154,-0.9999997615814209,-1.0,0.0,0.0,-0.0